timestamp,PktIn,KBIn,AVG_RR,Inter,CTXSW,KBOut,CPU,SUM_RR,PktOut,vm_number,AVG_LAT_05
1567436023,0.3,0.03017578125,10.84,849.95,1497.4,0.436572265625,8.100000000004004,10.84,0.25,1,7286.982
1567436038,0.3,0.03017578125,8.77,849.95,1497.4,0.436572265625,8.100000000004004,8.77,0.25,1,4409.2559999999985
1567436054,0.3,0.03017578125,8.35,715.6,1540.6,0.43583984375,7.849999999998545,8.35,0.25,1,5429.221
1567436070,0.3,0.03017578125,10.61,5612.95,6671.0,0.437109375,37.25000000000364,10.61,0.25,1,5429.221
1567436087,0.3,0.03017578125,10.61,8551.3,9459.95,0.4375,54.20000000000073,10.61,0.25,1,5429.221
1567436102,0.25,0.028125,12.0,4550.25,5657.75,0.434375,31.149999999997817,12.0,0.2,1,5429.221
1567436118,0.25,0.028125,12.53,4550.25,5657.75,0.434375,31.149999999997817,12.53,0.2,1,5429.221
1567436134,0.35,0.0322265625,14.54,4105.05,5183.55,0.4380859375,30.79999999999927,14.54,0.3,1,5429.221
1567436150,0.25,0.028125,14.54,4233.75,5295.8,0.43447265625,29.94999999999891,14.54,0.2,1,5429.221
1567436166,0.35,0.033984375,14.96,4293.9,5307.15,0.46142578125,30.600000000004002,14.96,0.3,1,6558.734
1567436182,0.25,0.028125,12.669999999999998,4175.0,5197.9,0.434716796875,30.99999999999455,12.669999999999998,0.2,1,6558.734
1567436197,0.25,0.028125,11.17,4175.0,5197.9,0.434716796875,30.99999999999455,11.169999999999998,0.2,1,6558.734
1567436214,0.3,0.03017578125,11.1,4242.05,5190.85,0.436474609375,30.200000000004373,11.1,0.25,1,6558.734
1567436230,0.3,0.03017578125,11.1,4317.5,5104.9,0.436669921875,30.59999999999491,11.210000000000004,0.25,1,6558.734
1567436246,0.25,0.028125,11.21,4231.0,5135.35,0.433642578125,31.15000000000691,11.21,0.2,1,6558.734
1567436262,0.3,0.03017578125,11.169999999999998,4273.85,5091.25,0.43701171875,31.44999999999527,11.169999999999998,0.25,1,5429.221
1567436278,0.3,0.03017578125,11.14,4273.85,5091.25,0.43701171875,31.44999999999527,11.14,0.25,1,6558.734
1567436294,0.3,0.03154296875,11.22,4396.85,5164.2,0.434619140625,30.65000000000509,11.22,0.2,1,6937.888000000001
1567436309,0.3,0.03017578125,11.22,4352.9,5175.05,0.436669921875,31.54999999999745,11.22,0.25,1,6937.888000000001
1567436325,0.3,0.03017578125,11.32,4380.9,5144.0,0.436328125,30.79999999999927,11.32,0.25,1,6937.888000000001
1567436341,0.25,0.028125,11.21,4404.8,5145.1,0.441162109375,30.79999999999927,11.21,0.3,1,6937.888000000001
1567436357,0.25,0.028125,11.23,4404.8,5145.1,0.441162109375,30.79999999999927,11.23,0.3,1,6937.888000000001
1567436373,0.3,0.03017578125,11.24,4484.35,5007.15,0.43662109375,31.899999999995998,11.24,0.25,1,6937.888000000001
1567436389,0.25,0.028125,11.24,4388.85,5039.15,0.4341796875,31.25,11.24,0.2,1,6937.888000000001
1567436405,0.35,0.03359375,11.23,4472.15,5183.7,0.436767578125,31.50000000000545,11.23,0.25,1,6558.734
1567436421,0.25,0.028125,11.2,4281.6,4705.1,0.434912109375,40.0500000000011,11.2,0.2,1,6558.734
1567436437,0.25,0.028125,11.27,4281.6,4705.1,0.434912109375,40.0500000000011,11.27,0.2,1,6558.734
1567436452,0.3,0.03017578125,11.33,4458.8,4956.6,0.436279296875,31.19999999999891,11.33,0.25,1,6558.734
1567436468,0.3,0.03017578125,11.33,4496.8,5043.35,0.436962890625,31.649999999999643,11.33,0.25,1,6558.734
1567436484,0.3,0.03017578125,11.29,4497.5,4888.8,0.43671875,31.40000000000327,11.29,0.25,2,6937.888000000001
1567436500,0.2,0.02548828125,11.29,4491.55,4998.4,0.45966796875,31.299999999992,11.29,0.25,2,6937.888000000001
1567436516,0.2,0.02548828125,11.3,4491.55,4998.4,0.45966796875,31.299999999992,11.3,0.25,2,6937.888000000001
1567436532,0.3,0.03017578125,11.24,4495.65,5064.45,0.43671875,31.000000000003638,11.24,0.25,2,6937.888000000001
1567436564,0.325,0.031298828125,7.282902083333332,4263.4,5578.25,0.4319091796875,33.475000000001266,14.569969166666667,0.225,2,4926.9485
1567436580,0.325,0.031298828125,7.89317625,4318.15,5599.625,0.4319091796875,34.02499999999962,15.788341666666668,0.225,2,5103.2355
1567436596,0.3,0.03095703125,8.610885625,3783.3,4172.975,0.4303955078125,27.099999999999643,17.223670000000002,0.2,2,5103.2355
1567436611,0.25,0.02724609375,9.314555277777778,3992.0,4387.700000000002,0.44619140625,28.674999999998175,18.63362972222221,0.25,2,5103.2355
1567436627,0.275,0.029150390625,10.2947375,4498.174999999998,4839.3,0.4337890625,31.60000000000164,20.591560416666667,0.225,2,5103.2355
1567436643,0.275,0.028955078125,11.077875333333333,4062.025,4478.55,0.4501708984375,29.075000000000912,22.158311166666664,0.3,2,4448.5355
1567436659,0.2999937503124844,0.03027276370556472,11.37,4042.762405629718,4369.478498575071,0.43690305108768,29.15170241487725,22.74,0.27499250037498124,2,4619.187
1567436675,0.27499375031248435,0.029247373080564718,11.37,3965.6874056297193,4343.27849857507,0.43932004327518004,29.226702414877266,22.74,0.2999925003749813,2,4619.187
1567436691,0.27500625031251563,0.02856512698681809,11.5,3869.839408220411,4236.097662383119,0.4358019561134305,27.84830491524704,23.0,0.2500062503125157,2,4619.187
1567436707,0.275,0.029150390625,11.66,4165.925,4531.8,0.433935546875,29.899999999999984,23.32,0.225,2,4619.187
1567436723,0.3,0.03017578125,11.435,3827.575,4169.525,0.43486328125,30.274999999999107,22.87,0.25,2,4902.004
1567436739,0.3,0.03017578125,11.545,3827.575,4169.525,0.43486328125,30.274999999999107,23.09,0.25,2,4619.187
1567436754,0.25,0.028125,11.6,4104.15,4411.025,0.4333740234375,28.824999999999648,23.20000000000001,0.2,2,4619.187
1567436770,0.3,0.030859375,11.625,4434.0,4740.025,0.4349853515625,31.12500000000033,23.25,0.225,2,4619.187
1567436786,0.275,0.029150390625,12.0,4229.525,4581.125,0.4374755859375,30.999999999998952,24.0,0.275,2,4861.0985
1567436819,0.3,0.030859375,12.055,4263.625,4471.325,0.4341796875,30.175000000002537,24.11,0.225,3,4861.0985
1567436834,0.25,0.028125,12.13,4235.125,4562.725,0.43310546875,29.97500000000052,24.26,0.2,3,4861.0985
1567436850,0.3,0.03017578125,12.15125,4244.55,4513.225,0.4351318359375,30.399999999998933,24.3025,0.25,3,4861.0985
1567436866,0.25,0.028125,12.085,4271.225,4471.875,0.4333251953125,29.82499999999852,24.17,0.2,3,4619.187
1567436898,0.26666666666666666,0.02861328125,9.715022361111112,4227.9,4548.233333333334,0.441650390625,30.43333333333549,29.147937083333336,0.25,3,4193.9929999999995
1567436914,0.2833333333333333,0.03020833333333333,10.292968472222222,4069.116666666667,4444.55,0.5161783854166666,30.36666666666651,30.885591041666665,0.25,3,4193.993
1567436930,0.3,0.031087239583333325,11.056382569444445,4351.416666666667,4640.316666666667,0.4322916666666666,32.349999999999554,33.17606791666667,0.21666666666666667,3,4193.9929999999995
1567436946,0.25,0.027734375,11.63237262053564,4391.85,4631.733333333334,0.4322916666666667,30.850000000000982,34.900384528273584,0.2,3,4106.034333333333
1567436962,0.3,0.03017578125,12.287201180555556,3893.15,4177.95,0.434765625,30.066666666664762,36.865965625,0.25,3,4169.315000000001
1567436978,0.31666666666666665,0.03131510416666666,12.446666666666665,3929.3,4231.233333333334,0.434765625,29.68333333333145,37.34,0.25,3,4169.315000000001
1567436994,0.2833333333333333,0.030143229166666667,12.453333333333333,4177.566666666667,4514.233333333334,0.44140625,30.233333333334194,37.36,0.2333333333333333,3,4143.5059999999985
1567437010,0.3,0.030891927083333333,12.566666666666665,4233.033333333333,4554.033333333334,0.5170735677083333,30.36666666666493,37.7,0.26666666666666666,3,4143.5059999999985
1567437025,0.25,0.027734375,12.41,4105.75,4402.866666666667,0.4323404947916665,31.45000000000197,37.23,0.2,3,4143.5059999999985
1567437041,0.2833333333333333,0.0294921875,12.406862176442154,4298.216666666666,4590.516666666666,0.43629557291666665,31.783333333333374,37.22058652932647,0.26666666666666666,3,4143.5059999999985
1567437057,0.26666666666666666,0.02880859375,12.409999999999998,4232.3499999999985,4508.783333333333,0.4333170572916665,30.350000000000065,37.23,0.21666666666666667,3,4224.797333333334
1567437073,0.25,0.028190104166666667,12.393333333333333,4062.833333333334,4356.35,0.43243815104166666,30.05000000000048,37.17999999999999,0.2,3,4143.5059999999985
1567437089,0.2833333333333333,0.0294921875,12.533333333333333,4031.166666666667,4286.883333333333,0.43369140625,30.24999999999745,37.6,0.2333333333333333,3,4143.5059999999985
1567437105,0.25,0.0275390625,12.49,4371.066666666668,4648.433333333333,0.4417317708333333,31.28333333333416,37.47,0.25,3,4143.5059999999985
1567437125,0.2833333333333333,0.029947916666666668,12.586666666666664,4488.883333333333,4726.866666666666,0.4342936197916667,31.03333333333325,37.76,0.2333333333333333,3,4169.315000000001
1567437141,0.2833333333333333,0.02975260416666666,12.556623100435662,4134.866666666667,4480.55,0.4432291666666667,30.86666666666588,37.66986930130699,0.26666666666666666,3,4019.769333333333
1567437156,0.25,0.0279296875,12.543289767102328,4322.766666666666,4642.2,0.445263671875,31.3999999999992,37.629869301306975,0.2833333333333333,3,4019.769333333333
1567437172,0.2833333333333333,0.0294921875,12.699955467111995,4408.6,4648.116666666667,0.4365071614583333,31.23333333333496,38.099866401336,0.26666666666666666,3,4019.769333333333
1567437188,0.25,0.028125,12.783333333333333,4256.866666666667,4544.3,0.432666015625,30.31666666666728,38.35,0.2,3,4019.769333333333
1567437204,0.26666666666666666,0.02822265625,12.749999999999998,4307.0,4544.766666666666,0.44391276041666666,31.89999999999941,38.25,0.26666666666666666,3,4019.769333333333
1567437220,0.26666666666666666,0.02880859375,12.813333333333333,4474.333333333333,4693.05,0.43362630208333336,31.44999999999925,38.44,0.21666666666666667,3,4032.812
1567437236,0.2833333333333333,0.0294921875,12.816666666666665,4243.466666666667,4512.116666666667,0.4347005208333334,30.149999999999288,38.45,0.2333333333333333,4,3923.175
1567437252,0.2833333333333333,0.0296875,12.723333434222331,4218.166666666667,4571.9,0.44365234375,30.36666666666689,38.170000302667006,0.25,4,3991.423666666666
1567437268,0.325,0.0322265625,12.613332334211332,3820.0125,6007.5375,0.43262939453125,40.17500000000098,37.839997002634,0.225,4,3990.2253333333333
1567437300,0.3,0.030517578125,10.38209766044266,4228.125,4559.4875,0.43345947265625,33.48749999999816,41.530709692484756,0.2375,4,3784.62675
1567437316,0.2875,0.0303466796875,10.536878578035553,3845.9375,4148.4875,0.43277587890625,28.99999999999801,42.14994925126872,0.2125,4,4004.46675
1567437331,0.275,0.029150390625,10.763778721743526,3388.2875,3743.9375,0.43328857421875,26.53750000000174,43.05730262828953,0.225,4,4011.91175
1567437347,0.2625,0.0284912109375,11.099077730648933,4063.8875,4353.175,0.4400634765625,29.612499999999446,44.398498663911155,0.2375,4,4011.91175
1567437363,0.2875,0.0300048828125,11.499444700333026,3844.075,4190.5125,0.43529052734375,27.899999999999245,45.99989408739104,0.25,4,3952.5455
1567437395,0.2875,0.0300048828125,12.147530125301255,4267.7875,4583.4,0.43712158203125,31.25000000000073,48.59012050120501,0.275,4,4555.42125
1567437411,0.275,0.02900390625,12.235,4189.6125,4566.4875,0.4404052734375,30.20000000000028,48.94,0.2625,4,4593.829250000002
1567437430,0.2624962501874906,0.028832613545104,12.325,3982.523728813559,4307.456099695015,0.4406195968277757,29.450861831907698,49.3,0.2374975001249937,4,4593.829250000002
1567437445,0.2749875024995001,0.029002500281193763,12.31,3773.6996700659865,4154.879541591681,0.4402128363389822,28.09113677264611,49.24,0.2499900019996001,4,4641.3385
1567437461,0.2749912526870095,0.029637643122320194,12.22,4012.4977755962627,4377.88486935807,0.4394736398332585,28.47774047783123,48.88,0.2249931271558579,4,4602.9305
1567437477,0.30001312696904536,0.031007119329618187,12.084938251234975,3958.4441735010255,4309.711041656248,0.44004311401104695,28.43478834325202,48.3397530049399,0.2375093764064609,4,4154.59825
1567437493,0.2624968757811953,0.028490859462884474,11.967438251234976,4128.918320676495,4435.235941989268,0.4393866676108062,29.888281659669534,47.8697530049399,0.22499750062495627,4,4154.59825
1567437509,0.2624937506249375,0.02878347663280547,11.91,3931.0474302569733,4305.248718878112,0.4412611583079973,28.57669608039319,47.64,0.24999500049995,5,4048.98525
1567437525,0.30000750075007504,0.03051833259497825,11.7825,4032.23046179618,4382.04294679468,0.4342027635380725,28.835701070106683,47.13,0.2375062506250625,5,4048.98525
1567437541,0.275,0.0294921875,12.025,4278.825,4596.45,0.43363037109375,30.787499999999035,48.1,0.2125,5,4048.98525
1567437589,0.27499250074992504,0.029149636305900662,10.450856387661084,4017.0940818418158,4347.682859214079,0.4339246837035047,29.326738576141402,52.259406521638745,0.22499375062493754,5,3836.0374
1567437605,0.32000600060006,0.031817009825982595,10.551618291666664,3702.925567556756,4090.2470427042713,0.4333875760622937,27.598565856584987,52.76065916666667,0.24000500050005,5,3900.1954
1567437621,0.2599970001499925,0.028534854507274637,11.1432875,3751.611468926553,4136.266708164591,0.4337944709209852,29.1606989650526,55.71863958333333,0.22999750012499376,5,4017.3934
1567437637,0.28000300015000745,0.029355770522901142,11.411919102915867,4039.651507575379,4365.0861093054655,0.43346137570550397,30.779317965899143,57.062217910412684,0.23000250012500625,5,4017.3934
1567437653,0.29000300015000746,0.029765926772901144,11.949235645833333,3988.811507575379,4295.276109305465,0.4356195788305041,29.38931796589882,59.74932510416666,0.26000250012500625,5,4025.8114
1567437669,0.2899970001499925,0.029921573257274632,12.310930833333332,4157.636892155392,4497.431644417779,0.4388335456274061,30.0306849657512,61.55922291666666,0.2499975001249937,5,4111.8772
1567437685,0.29000000000000004,0.0304296875,12.44,3990.36,4336.97,0.438515625,29.589999999999428,62.2,0.23,5,4053.9658
1567437701,0.3000030001500075,0.030449520522901143,12.702,4170.781613080654,4553.597516375818,0.4339496476776964,29.97931096554809,63.51,0.24000250012500626,5,4053.9658
1567437717,0.3099880023995201,0.030584730710107973,12.592,4175.825184963007,4525.640719856029,0.4350119351129774,29.87294741051779,62.96,0.2599900019996001,5,4062.3144
1567437732,0.28001000200040005,0.029356593975045007,12.37606954208626,3995.296113222645,4382.8925205041005,0.4348414956428786,28.807071414282927,61.88034771043131,0.25000800160032005,5,4062.3144
1567437748,0.27,0.0287109375,12.278069542086262,3725.97,4130.57,0.432939453125,27.55000000000143,61.39034771043131,0.22,5,4037.9412
1567437764,0.3,0.03044921875,12.253873506324682,4029.56,4401.73,0.434267578125,28.56999999999877,61.26936753162342,0.24,5,3951.8754
1567437780,0.26,0.02865234375,11.962,3836.93,4269.05,0.438408203125,27.320000000000128,59.81,0.22,5,3951.8754
1567437796,0.3,0.03083984375,11.616,3600.74,4065.17,0.439619140625,26.00000000000017,58.08000000000001,0.24,5,3951.8754
1567437812,0.28,0.02962890625,11.508,3678.78,4105.959999999999,0.433466796875,26.79999999999961,57.53999999999999,0.22000000000000008,5,3958.7554000000014
1567437828,0.2999970001499925,0.030175479507274637,11.424,3904.73798660067,4336.30216739163,0.434458554904286,27.980697965102983,57.12000000000001,0.2499975001249937,5,3958.7554000000014
1567437844,0.26,0.02853515625,11.424,3639.96,4103.72,0.432724609375,26.379999999999036,57.12000000000001,0.21,5,3905.0856
1567437860,0.27000250012500626,0.028945593764063207,11.296111105555275,3884.1135796789836,4289.948865443273,0.4332465070519151,28.65925996299951,56.480555527776396,0.220002000100005,5,3898.2056
1567437876,0.3,0.03017578125,11.392000000000001,3874.7,4317.35,0.43478515625,28.11000000000124,56.96,0.25,6,3792.6220000000003
1567437892,0.29,0.029765625,11.607999999999999,3895.92,4346.16,0.434248046875,28.049999999998732,58.04,0.24,6,3844.8232
1567437908,0.27,0.02921875,11.823999999999998,4180.6799999999985,4580.54,0.43322265625,30.090000000000032,59.11999999999999,0.21,6,3844.8232
1567437940,0.2899880023995201,0.029764418210107974,10.5341925,3991.498326334733,4461.342153569287,0.4342892632411017,28.762919416117,63.208165,0.2399900019996001,6,4450.537833333333
1567437956,0.2916750016670001,0.030062786645870837,10.7793175,3913.4183986797357,4388.598431352937,0.4339906588088451,28.039204507568275,64.678485,0.2416733346669334,6,4431.8386666666665
1567437972,0.2916666666666667,0.03028971354166667,10.976143055555555,3747.066666666666,4242.008333333333,0.432861328125,26.93333333333241,65.85913916666667,0.225,6,4431.8386666666665
1567437988,0.2833333333333333,0.02972005208333333,11.298765138888884,3903.841666666666,4366.691666666667,0.4335205078125,28.566666666667302,67.79605680555554,0.225,6,4431.8386666666665
1567438004,0.2833254173124428,0.02994711106916722,11.385014583333335,3763.7859581857592,4242.465831611762,0.4339816183406774,27.15186067763906,68.31347687499999,0.2333262506041115,6,4426.5915
1567438020,0.2666637506041219,0.029036167056473192,11.463146791666668,3786.015049453478,4287.138595806487,0.4338667603488945,27.242314011052184,68.7825955,0.2249966672499542,6,4464.498666666666
1567438036,0.2916708337500417,0.029834453171879688,11.425,3380.893582691602,3889.050980931426,0.4343821751966863,24.790382371569773,68.55000000000001,0.24167000033336666,6,4464.498666666666
1567438052,0.2749979167708281,0.029378020845051495,11.105,3188.4427807776287,3715.8887684782426,0.4329797999846101,24.108983717481088,66.63000000000001,0.2166650000833292,6,4468.1793333333335
1567438068,0.3,0.030403645833333333,11.071666666666665,3582.05,4069.441666666666,0.43544921875,26.066666666666908,66.42999999999999,0.2666666666666666,6,4468.1793333333335
1567438084,0.266666666875,0.028808593773437505,11.028315200181328,3852.7526727057148,4344.101977233171,0.43387044347532144,28.141630772958283,66.16989120108799,0.22500000016666666,6,4468.1793333333335
1567438100,0.2833350003750041,0.02949240482287652,10.958333333333332,3537.098259622808,4067.419066032569,0.4341669935439135,26.574397406789824,65.75,0.2416679169791698,6,4468.1793333333335
1567438116,0.2749970834791593,0.02915012208373956,10.94,3624.6654017299134,4154.5867073313,0.4333052841986807,26.883964135126266,65.64,0.22499750012499373,6,4459.1345
1567438132,0.2916687501041719,0.030289947928386,11.18,3860.5293481340736,4365.4159866326645,0.4333369415052784,28.14104913579011,67.08,0.22500166675000416,6,3999.790333333333
1567438148,0.275,0.029150390625,11.508333333333333,3593.2833333333333,4132.05,0.43565266927083335,26.191666666667004,69.05,0.2583333333333333,6,3999.790333333333
1567438164,0.2833333333333333,0.0294921875,11.395,3379.5333333333338,3944.825,0.4336507161458334,25.491666666666173,68.37,0.2333333333333333,6,3941.345
1567438180,0.275,0.029150390625,11.238351216845503,3508.200000000001,4069.233333333333,0.4330973307291667,25.75833333333388,67.43010730107301,0.225,6,4029.7108333333335
1567438196,0.3,0.030403645833333333,11.134999999999998,3483.266666666667,4047.4083333333338,0.4336751302083333,25.40833333333386,66.81,0.2416666666666667,7,3563.088666666667
1567438212,0.275,0.029150390625,10.613333333333333,3124.266666666667,3705.591666666666,0.4332275390625,23.316666666666922,63.67999999999999,0.225,7,3563.088666666667
1567438229,0.275,0.029150390625,10.106650600160664,1751.4833333333331,2368.5333333333333,0.4333902994791667,15.558333333333133,60.63990360096399,0.225,7,3563.088666666667
1567438260,0.2857142857142857,0.02958984375,5.179194528651141,250.86428571428573,880.1928571428572,0.4329380580357143,4.235714285714336,36.25437086722466,0.2357142857142857,7,3524.064000000001
1567438276,0.27142857142857146,0.029003906250000006,3.9230013095238094,228.22142857142865,861.9642857142858,0.43232421875,4.0928571428573255,27.461020833333336,0.22142857142857145,7,3524.064000000001
1567438292,0.2928553572321384,0.030273236617187,2.349664345238095,227.85548972551373,869.7506103266264,0.4329140340555517,4.0863999657156524,16.447659583333333,0.2285700000714249,7,3524.064000000001
1567438308,0.2714303572321473,0.02919941965290228,1.5020592261904762,226.40883615609349,861.2209946211595,0.4325505337766888,4.092172465767345,10.514431666666667,0.214287142928575,7,3546.766714285714
1567438324,0.2785692858214232,0.02929665946948188,0.3772883166706667,224.91268543715668,854.9870345768428,0.433486013338842,4.093540680107972,2.641026966694667,0.2285696429464241,7,3457.462714285714
1567438340,0.2785732143750045,0.02968770090290229,0.04999992857214285,225.90154150564672,857.8413195659782,0.432627250782182,4.042171751445402,0.349999500005,0.214287142928575,7,3466.4401428571427
1567438356,0.2928571428571429,0.030273437500000007,0.04999992857499995,226.72142857142856,864.0571428571428,0.4330705915178571,4.042857142857831,0.3499995000249997,0.2285714285714285,7,3448.391428571429
1567438372,0.2999978572499946,0.03056619071948188,0.04999992857499995,229.1553893733885,878.1502267743756,0.4333465253355636,4.100683894376108,0.3499995000249997,0.23571250008928124,7,3448.391428571429
1567438388,0.2642875000892902,0.02871113840290229,0.05,223.59450508239698,851.3780371161415,0.4328086029720013,3.9993142514272586,0.35,0.214287142928575,7,3448.391428571429
1567438404,0.2928571428571428,0.030078125,0.04999992857214285,225.05,861.6928571428571,0.4336774553571429,4.0642857142854085,0.349999500005,0.2357142857142857,7,3463.530285714285
1567438420,0.2571428571428572,0.02841796875,0.05,224.40714285714287,861.95,0.43301478794642856,4.114285714285668,0.35,0.2142857142857143,7,3465.990714285714
1567438436,0.2642857142857143,0.0287109375,0.05000007142928572,220.65714285714287,847.5785714285713,0.43301478794642856,4.135714285714138,0.35000050000500005,0.2142857142857144,7,3306.8568571428573
1567438452,0.29284857314251433,0.03007726300721998,0.05000007142928572,219.9083311909047,842.4990416202472,0.43393709929889024,4.074173736681532,0.35000050000500005,0.23570714428542866,7,3306.8568571428573
1567438468,0.2714357157145715,0.029200022482175007,0.05000014286000006,217.09887548938357,830.5647215157318,0.4329852898593112,4.08296945103296,0.3500010000200004,0.21429142971451434,7,3303.582142857143
1567438484,0.2928571428571429,0.030078125,0.04999992857214285,219.99285714285716,845.6,0.433935546875,4.099999999999478,0.349999500005,0.2357142857142857,7,3303.582142857143
1567438500,0.27142857142857146,0.029003906250000006,0.05000007142928572,218.05714285714282,841.242857142857,0.4333356584821429,4.085714285714995,0.35000050000500005,0.22142857142857145,7,3303.582142857143
1567438516,0.26428178591070445,0.02871052108666888,0.05,220.7896715878492,851.8378527502196,0.4328969952869544,4.15136778875391,0.35,0.21428250016070624,7,3303.582142857143
1567438532,0.2785675001964188,0.02929645858666888,0.05,217.81824301642064,837.0664241787912,0.4334271292155257,4.072796360181253,0.35,0.2285682144464205,8,3237.1122857142855
1567438548,0.26428571482140184,0.02871093756026485,0.05,219.72153297349467,853.4151300057539,0.4329241126029637,4.135716223296975,0.35,0.2142857147142643,8,3237.1122857142855
1567438564,0.2857142865714286,0.029589843836216517,0.04999992857214285,214.47810775885253,833.5760781114036,0.4334891286094449,4.028569011356097,0.349999500005,0.23571428642857145,8,3130.5890000000004
1567438580,0.26429357221436434,0.02890708295159873,0.050000000001428575,215.37751346563226,833.8520244881631,0.4325249007880698,4.068683296902331,0.35000000001000003,0.20714928635720714,8,3135.787142857143
1567438596,0.2785750003571786,0.029297276825896883,0.05,220.7675224665324,844.4412855571271,0.4331464968483456,4.141484862773138,0.35,0.2285742860000285,8,3135.787142857143
1567438644,0.29375,0.0306884765625,0.04542440625249995,220.925,858.2875000000001,0.433404541015625,4.1187500000004285,0.3634052500199996,0.23125,8,3122.39375
1567438660,0.2812481250937453,0.02957744812954665,0.04626916666666667,220.9547510124494,854.8378190465477,0.4332004069352197,4.0943471576416375,0.3701629166666666,0.22499843757812107,8,3132.070500000001
1567438676,0.2625,0.0286376953125,0.04710442708458334,219.06875,845.16875,0.43250122070312497,4.112499999999644,0.37684666667666666,0.2125,8,3107.485875
1567438692,0.2812443758436235,0.02940617257020822,0.047932125000625,214.5520675023746,833.9458243763437,0.4333903308058479,3.9455516047594834,0.38347033333833336,0.23124531320301955,8,3107.485875
1567438708,0.2750081260626516,0.02949301890596001,0.048758645833333336,223.66827258875568,865.4788627964522,0.43248145916811104,4.1538525124107,0.3900783333333333,0.2125050006250875,8,3107.568250000001
1567438724,0.28124812509374525,0.02940654969204665,0.04959485416729168,219.51723757562118,856.268910616969,0.4337192066788262,4.1380965326732095,0.3967680000050001,0.2312484375781211,8,3107.568250000001
1567438740,0.275,0.0293212890625,0.0524999875091249,229.95625,856.84375,0.4328857421875,4.262499999999765,0.4199999000729992,0.21875000000000008,8,3128.974750000001
1567438756,0.27500156257812897,0.029321464852539506,0.2348435833475833,390.69264869493486,1018.9033614180706,0.4329189637582465,5.493179346467175,1.8788686667806664,0.21875125006250312,8,3128.892375
1567438771,0.2750015625781289,0.0293214648525395,0.7487505125051249,988.9176486949347,1627.9596114180704,0.4332973817269965,9.505679346467524,5.9900041000409985,0.21875125006250312,8,3108.2941250000013
1567438787,0.275,0.029150390625,1.415192204187667,1885.70625,2503.875,0.43330688476562496,15.19375000000059,11.321829300168,0.225,8,3108.2941250000013
1567438804,0.28125,0.02940673828125,2.8715682916666667,2574.325,3144.0250000000005,0.4336669921874999,19.574999999999726,22.973972,0.23125,8,3120.73075
1567438820,0.2499984375781211,0.028124824227538626,4.673522925927963,2767.937706552173,3294.309034548273,0.4343539442290581,22.300466539173666,37.3903154074237,0.2249981250937453,8,3105.073125
1567438836,0.2812500001875,0.029577636737609863,5.9978921875000015,2998.814861013709,3494.134680995321,0.4342224111600953,23.7812662031256,47.98436583333334,0.2375000001562501,8,3105.073125
1567438852,0.29374718892163365,0.0300899934449496,7.819118804586245,3362.0126875494316,3850.202217100394,0.4341682095232176,24.900973636900808,62.5562083921113,0.2374978136404321,8,3080.941125000001
1567438868,0.27500593907842114,0.029321867835478962,8.874999999999998,3882.846645661628,4293.507862988026,0.434804297961304,27.848647744085888,71.0,0.2375050013127469,8,3080.941125000001
1567438884,0.2625015625781289,0.0286378711025395,10.47,3906.2301121306073,4387.413886631833,0.4337978690926734,29.9183181034056,83.75999999999998,0.2250012500625032,8,3065.561000000001
1567438900,0.2687481250937453,0.02889385437954665,11.614986262637371,4173.711755349732,4506.0715642342875,0.4349216041395195,30.68166997900125,92.919890101099,0.2437484375781211,9,3065.869125
1567438916,0.26875000015625,0.028894042986328125,12.163734843649031,4162.9008334682985,4488.076895815442,0.4345520055800323,30.36250495678133,97.30987874919228,0.23750000012500005,9,3048.011875
1567438932,0.3055555556944444,0.031011284737847224,12.843594418334384,4214.067407527376,5410.851685169282,0.4330620691961399,37.00555996158352,102.74875534667505,0.2277777778888889,9,3048.011875
1567438980,0.29444888925003193,0.030556035738420424,12.649292129629627,4206.2798873957945,4461.874884864994,0.43318324143477377,30.176600735032448,113.84814416666669,0.22222583362502574,9,3058.336888888889
1567438996,0.27222083423604515,0.029036302184888414,12.872805504772408,4121.429379544629,4377.418898880034,0.4354197053413031,29.917068353615683,115.85806079295166,0.2555544451666139,9,3067.69
1567439012,0.27222638951398265,0.029188836875878605,13.110301037179813,4137.442961166397,4413.702389802915,0.4350386873352183,30.748846493640556,117.99589530684055,0.2444477782778528,9,3083.064888888889
1567439028,0.2888888888888889,0.029871961805555555,13.313243096599221,4252.2,4520.000000000001,0.4351291232638889,31.022222222222233,119.82258474439298,0.25,9,3198.113000000001
1567439044,0.2833241682913522,0.029643194601532256,13.600766775592456,4528.543257333734,4726.735365188849,0.4343466342738441,32.25190550877081,122.41154337616543,0.2388811124997306,9,3228.5137777777777
1567439060,0.2555597234029966,0.02835333346617045,13.89333333333333,4360.135155203855,4579.286240885773,0.4332591896012231,32.182191066203565,125.04,0.21667111227799726,9,3223.403666666667
1567439076,0.272223611180559,0.029036614591146225,14.014444444444445,4418.318662599797,4618.286064858798,0.4345672855474371,32.41628303637372,126.13,0.23889000005555835,9,3313.5626666666667
1567439092,0.2944444444444444,0.029947916666666668,14.376666666666667,4689.283333333334,4862.005555555556,0.43545464409722223,33.47222222222277,129.39,0.2555555555555556,9,3690.176
1567439108,0.2833333333333333,0.029644097222222224,14.587761144610775,4740.627777777778,4834.5999999999985,0.4338053385416665,34.18333333333329,131.28985030149698,0.2277777777777777,9,3699.125111111111
1567439124,0.2777777777777778,0.029416232638888887,14.89111111111111,4554.572222222222,4684.011111111111,0.4351399739583333,34.938888888888634,134.02,0.24444444444444444,9,3889.571111111111
1567439140,0.2777777777777778,0.029416232638888887,15.07111111111111,4640.427777777779,4769.427777777777,0.4335340711805555,34.427777777778125,135.64,0.22222222222222224,9,3969.819888888889
1567439156,0.2833333333333333,0.029492187500000006,15.066631445148875,4486.711111111112,4659.216666666666,0.4346950954861111,32.16666666666714,135.59968300633992,0.24444444444444444,9,3703.8417777777777
1567439172,0.2833333333333334,0.0294921875,15.151024101574526,4386.388888888888,4606.205555555554,0.435693359375,31.716666666666214,136.35921691417073,0.2611111111111111,9,3703.8417777777777
1567439188,0.27222222222222225,0.02903645833333333,15.035436336900322,4354.122222222222,4531.86111111111,0.4342447916666666,32.81111111111099,135.31892703210292,0.2333333333333333,9,3738.173444444445
1567439204,0.2999983334166625,0.0303275233373748,14.89772686952856,4594.331068168814,4759.9628921331705,0.4373293569479512,33.45591720413993,134.07954182575705,0.2833313889861063,9,3763.524555555556
1567439220,0.29444444444444445,0.030099826388888886,14.86,4759.76111111111,4866.683333333333,0.4358181423611111,34.46666666666677,133.73999999999998,0.2611111111111111,9,3858.5447777777777
1567439236,0.2833333333333333,0.029644097222222224,14.866666666666665,4714.566666666667,4794.144444444445,0.4348958333333333,34.40555555555567,133.79999999999998,0.24444444444444444,9,3858.5447777777777
1567439253,0.2777761111944403,0.029416065004041463,15.021111111111107,4642.978638012544,4763.678096372959,0.43500735607750857,34.39480831514014,135.19,0.23888750006944096,9,4142.235111111112
1567439269,0.3055555557222222,0.03040364585009765,15.120049223039794,4629.354020670565,4752.827272998457,0.4358452774766168,33.1999902409022,136.08044300735816,0.2666666668055555,9,4142.235111111112
1567439285,0.2722222223611111,0.029340277793402775,15.124494067493348,4540.261198942847,4645.956179012321,0.43422850691328935,32.41109801829171,136.12044660744016,0.2277777778888889,9,4254.211333333334
1567439301,0.2777791667361146,0.029264479174479555,15.011179202723662,4510.505941685974,4628.185022584463,0.4348168620996154,32.827396647609895,135.10061282451298,0.23889000005555835,9,4254.211333333334
1567439317,0.2833300003333,0.029491852247066963,14.919983677940998,4531.077708340277,4682.086890199868,0.4349615353134825,32.63408436934057,134.27985310146894,0.24444166694441666,9,4332.748111111111
1567439333,0.2888855558888556,0.029719716830400294,14.825539233496555,4837.788819451389,4913.7313346443125,0.4346577158690381,34.117417702674516,133.42985310146898,0.24444166694441666,9,4332.748111111111
1567439349,0.2722222222222222,0.02903645833333333,14.896666666666665,4882.1500000000015,4917.955555555554,0.4355794270833333,34.74444444444484,134.07,0.25,9,4298.798222222223
1567439365,0.27222500027780555,0.029036770864586458,14.93111111111111,4560.569513062417,4671.632634930159,0.4354432524415636,34.05484659577069,134.38,0.2500033336667,9,4469.769888888888
1567439381,0.2833333333333333,0.029644097222222218,15.144444444444444,4635.549999999998,4722.283333333334,0.4351128472222222,34.03333333333345,136.3,0.25,9,4523.528555555555
1567439397,0.2777750001388819,0.02926401043229088,15.125555555555556,4566.628828836336,4650.333142231778,0.4344895521065961,33.145200517751654,136.13,0.2388866667777722,9,4746.597333333333
1567439413,0.27777777791666663,0.029416232654513888,15.13303986250966,4437.569440890589,4524.175663207648,0.4341145960522461,32.62221773947261,136.19735876258693,0.2277777778888889,9,4746.597333333333
1567439429,0.27778055569445137,0.02926463543229245,15.055313717522898,4313.016418876499,4508.446377874448,0.4344177926669771,32.87700801706698,135.4978234577061,0.23333555566667225,9,4746.597333333333
1567439445,0.2833333333333334,0.0294921875,15.027761444607775,4733.455555555554,4814.044444444444,0.4352484809027778,34.077777777778266,135.24985300147,0.25,9,4918.1471111111105
1567439461,0.2777763889583299,0.029264166674478776,15.031111111111107,4858.715724769317,4931.370782294218,0.4347035377180794,34.33923192729158,135.28,0.2388877778333305,9,4918.1471111111105
1567439477,0.27222361118055904,0.02918852431336845,14.952222222222225,4789.558679600647,4868.343331611024,0.4351966320646761,34.08297303753983,134.57,0.24444555561111386,9,4898.421666666667
1567439493,0.26666666666666666,0.02880859375,15.098888888888887,4830.088888888888,4889.161111111111,0.4342230902777777,35.444444444445075,135.89,0.2277777777777777,9,4898.421666666667
1567439509,0.2777761111944403,0.029264155281819245,15.214479222917793,4662.93005099745,4759.785077135031,0.4339928058393087,33.67815636995894,136.93031300626012,0.2277763889583299,9,4926.036222222223
1567439526,0.2666683334166708,0.02880876140161175,15.195824463301193,4473.009339633648,4592.970531304343,0.4343937295063538,32.60518692601369,136.7624201697107,0.2277797223194493,9,4994.599111111111
1567439542,0.27777944452778197,0.02926449056827841,15.065573277955,4329.559339633649,4459.492753526566,0.4345564899230205,32.67740914823506,135.590159501595,0.23889083343056045,9,4994.599111111111
1567439558,0.27222055563888475,0.029036290698485907,15.014462166843893,4584.735090467699,4720.223477992767,0.4346004515095426,33.311469426528376,135.130159501595,0.23333194451388545,9,4994.599111111111
1567439574,0.27222222222222225,0.02903645833333333,14.992222222222221,4899.56111111111,4994.027777777777,0.4364474826388888,34.694444444444855,134.92999999999998,0.2611111111111111,9,5160.179222222222
1567439590,0.2777761111944403,0.029264155281819238,14.912222222222226,4862.5667341632925,4930.722003344276,0.4359459354506234,34.555911371097196,134.20999999999998,0.25555416673610765,9,5160.179222222222
1567439606,0.27222500013889583,0.02934059029340356,15.003333333333332,4644.715202148997,4809.182671355789,0.4340325802639958,34.59374135373498,135.03,0.22222444455556112,9,5105.936888888889
1567439622,0.2833347222916701,0.029492343757812886,15.133333333333335,4888.827589712822,4985.238666655555,0.4341929384880702,34.932977204415366,136.20000000000002,0.2333344445000028,9,5457.866222222223
1567439638,0.2722138903052848,0.029035620259657006,15.13,4563.604912271883,4725.676946325649,0.4338204132892678,32.33522523433877,136.17,0.2277708345136633,9,5230.00411111111
1567439654,0.26111777925026675,0.02858139988934975,15.09222222222222,4497.980085169186,4630.285007281763,0.4335817081719493,32.30400742910441,135.83,0.21667222344466672,9,5085.1471111111105
1567439670,0.2833363890416743,0.029644421131646864,15.032222222222225,4531.196023690073,4655.941648471313,0.434830119055866,33.53260329683198,135.29,0.23889138901389514,9,5062.725666666667
1567439687,0.2777794445277819,0.02926449056827841,14.991815793749444,4645.732916090249,4744.766689723374,0.4360701208346008,33.477410537193364,134.92634214374493,0.2500013889583368,9,5157.638444444445
1567439703,0.2666650000833292,0.028808426115152577,14.928872222388884,4918.16604419779,5032.426871989735,0.4349530990789871,35.06701664916697,134.35985000149998,0.23333194451388545,9,5157.638444444445
1567439719,0.2666680556250034,0.028960659730035112,14.942205600166217,4554.961632248279,4714.473633403894,0.4339325280608648,34.066297481540325,134.47985040149595,0.21666777783333613,9,5159.359888888889
1567439735,0.27222222222222225,0.02903645833333333,15.117761155721777,4548.877777777778,4706.149999999999,0.43512369791666666,34.67777777777852,136.05985040149596,0.2388888888888889,9,5285.096666666666
1567439751,0.2722222222222222,0.02903645833333333,14.943290555555556,4800.95,4908.8,0.4345648871527778,34.866666666665914,134.4864425,0.2333333333333333,9,5170.5981111111105
1567439767,0.2777727785276653,0.029263820062407308,14.167033703703707,2722.0629475023197,3122.9052936503967,0.4358921701566813,20.51807895482405,127.50008333333332,0.255549723097091,9,4463.640875
1567439783,0.2875046882032305,0.029663613360363432,12.050085028046276,1464.473012826924,2087.4205868380263,0.4345906359830928,15.1930008945782,108.44647191908312,0.2375037505625844,8,4378.88775
1567439799,0.2937546882032305,0.029919961016613424,11.089638451978962,2901.316762826924,3375.6768368380267,0.4351155383268427,23.62077867235564,99.80345440114401,0.25000375056258434,8,4336.0496250000015
1567439815,0.2812500000000001,0.02940673828125,11.643532638888884,5678.46875,5871.075,0.435467529296875,39.727777777778414,104.7886375,0.25,8,4529.675
1567439831,0.3062481250937453,0.03060283875454665,13.6675,7202.399795322735,7224.9003812309375,0.4358798478533104,50.23156873406386,109.34,0.26249843757812114,8,4578.982999999998
1567439847,0.2687515625781289,0.0288942187587895,14.714962600747983,6961.847500500025,7072.146702022601,0.437893332960105,49.66846061052969,117.71970080598386,0.27500125006250314,8,4616.674000000001
1567439863,0.3,0.03017578125,16.697499999999998,5462.16875,5719.3125,0.437030029296875,39.31875000000026,133.57999999999998,0.275,8,4682.571499999999
1567439879,0.28125,0.02940673828125,16.35133080323213,2571.61875,3025.15625,0.43563232421875,19.312499999999982,130.81064642585704,0.25,8,4631.1421249999985
1567439895,0.275,0.029150390625,16.751250000000002,1821.225,2349.1125,0.434136962890625,14.63749999999969,134.01000000000002,0.23125,8,4631.1421249999985
1567439911,0.29375,0.02991943359375,15.146229412705871,3640.9375,4067.43125,0.436004638671875,26.98125000000068,121.16983530164696,0.2625,8,4371.568125
1567439927,0.28124250149970004,0.02940598403756748,12.87501587515875,1791.696330733853,2388.220898320336,0.4344861435427758,14.352038342331483,103.00012700126999,0.2374925014997001,8,4074.484875
1567439943,0.2812409390778212,0.02940580826510612,10.920028200564012,4965.044677379021,5152.760813199592,0.4345627891855913,34.90247238312873,87.3602256045121,0.2374912515621969,8,4074.484875
1567439960,0.27500812634400473,0.02915128249871635,11.22625,6515.691001452704,6632.72070268459,0.43526143725572297,46.47326219669199,89.81,0.23750781382837896,8,4185.35
1567439976,0.2749984375781211,0.029150214852538624,13.929999999999998,7142.80397261387,7259.429007612119,0.4345676103035668,50.962782798360564,111.44,0.2312487500624969,8,4185.35
1567439992,0.2937484375781211,0.029919257821288618,16.64625,7281.435222613871,7354.40400761212,0.43744236616294185,50.737782798359405,133.17,0.28124875006249683,8,4209.422375
1567440007,0.2750018750937546,0.029150579233063217,17.137520862708627,4696.042311803091,5011.087452497624,0.4367093058632424,33.830934046702964,137.100166901669,0.2562521876093805,8,4214.571
1567440023,0.2874984375781211,0.029662910165038626,16.686229450205502,1816.3475041872907,2307.4428347332628,0.4349765421885156,15.40059059547029,133.489835601644,0.2437487500624969,8,4214.571
1567440039,0.28750000000000003,0.0296630859375,16.529956075439245,3459.4,3851.75625,0.4346435546875,25.981249999999388,132.23964860351398,0.2375,8,4317.761125
1567440055,0.28124562634350475,0.029406223904910093,14.84625,3228.5916322808253,3688.154203965447,0.4352091911413895,24.0139873854064,118.77,0.2437465635779289,8,4317.761125
1567440071,0.28750937659405473,0.029664029091003564,12.32125,2253.493922670166,2829.441903496955,0.43448015673185697,17.572529896248128,98.57,0.23750781382837896,8,4317.761125
1567440087,0.25625,0.02838134765625,10.648224166666667,2984.293750000001,3437.3375,0.4338867187500001,23.575000000001012,85.18347041666667,0.21875000000000008,8,4133.357142857141
1567440104,0.3071407143928518,0.030468534469481882,7.3071274305555525,1750.8079767440195,2331.938755562222,0.4353135789081082,14.294277473625545,58.45516805555556,0.2571410715178527,7,4133.357142857141
1567440120,0.2714303572321473,0.029004107152902286,8.20429909386125,2477.806590686677,2958.861096983421,0.433624739272678,18.136972161108325,65.63240900089001,0.22143000007143213,7,4014.302
1567440136,0.2642857142857143,0.0287109375,8.989647876580463,5533.15,5629.664285714286,0.433740234375,36.712500000000574,71.9154330126437,0.22142857142857145,7,4098.564
1567440152,0.2857142857142857,0.02958984375,12.845648430234526,7797.228571428572,7690.2142857142835,0.4379045758928571,50.71249999999992,89.91953901164166,0.2785714285714285,7,4375.134285714285
1567440168,0.2714285714285714,0.02919921875,15.372833971660285,8092.585714285714,8042.2,0.4369280133928571,56.23571428571349,107.609837801622,0.2571428571428572,7,4254.791714285714
1567440184,0.2928496437677313,0.029881994381298682,17.987115871698425,8014.817217501801,7958.326901108362,0.4374806077161266,55.79409091546959,125.90981110188896,0.2785650007498982,7,4840.037571428571
1567440200,0.2857217866251259,0.029785974571059026,21.591396357464994,6876.289754862906,6956.390146987472,0.4367452328055177,48.812619426236324,151.13977450225497,0.26429392962514914,7,4849.213571428571
1567440216,0.2785746437679723,0.02949257473846865,21.21142857142857,3583.130779211366,3994.982294774077,0.4361740176826297,26.527872625471506,148.47999999999996,0.2500046439108545,7,4864.009714285715
1567440232,0.3071407143928518,0.030663846969481882,19.24142857142857,1586.9555990057638,2205.886064982465,0.4349578367203291,12.793491396858947,134.69,0.2499982143749956,7,4512.369285714286
1567440248,0.2642878572500053,0.02871115305207224,16.475808473811348,774.7390358803655,1422.3298300629315,0.43354803133571856,7.685090683106066,115.33065931667946,0.21428750008929007,7,4512.369285714286
1567440264,0.2928528575713857,0.029882381460514664,11.158587757306151,263.75335680717643,901.3944484123016,0.4348919523505239,4.37993629208418,78.11011430114301,0.2428535717856786,7,4512.369285714286
1567440280,0.2928528575713857,0.030077693960514663,6.405714285714287,949.7247853786048,1550.380162698016,0.4344873764576667,8.708507720655568,44.84,0.23571071464282145,7,4512.369285714286
1567440296,0.27856964401777234,0.02949198673771368,6.0542955715271445,3990.055700025871,4284.7943836168415,0.4344137593329133,28.77197643636479,42.38006900069001,0.2285700009285036,7,4542.700000000002
1567440312,0.3000042867858536,0.03017621244037395,8.241438428670001,7431.338203652616,7447.616758446203,0.4366761402959435,52.127940554871856,57.69006900069001,0.2714321437501161,7,4542.700000000002
1567440328,0.26428214374988396,0.028710535814719086,10.53,7236.333228646956,7239.279868036117,0.4365032929129021,53.08647910263196,73.71,0.2499971435713357,7,4421.092428571429
1567440344,0.2928646439823117,0.02988350317279735,14.824285714285715,7624.496576629352,7645.927365176205,0.4385487210637399,52.60602411790346,103.77,0.28572071525014464,7,4499.212428571428
1567440360,0.2571428571428572,0.02841796875,19.39137191541884,7059.592857142857,7120.2,0.4354840959821429,48.57857142857208,135.73960340793184,0.2285714285714285,7,4304.687571428572
1567440376,0.2785692858214232,0.02929665946948188,20.83145878601643,5773.261862264029,5933.1238813059335,0.4364505794660044,40.95766568814476,145.820211502115,0.25714107151785265,7,4304.687571428572
1567440393,0.2857121429642803,0.02958962821948188,19.70860164315929,1984.090433692601,2538.259595591649,0.4348532022338616,16.30052283100094,137.96021150211504,0.2357125000892813,7,4304.687571428572
1567440409,0.2714307143928625,0.02900412180207225,17.305255407390565,1566.9536587543664,2193.058641860665,0.4339526019967293,12.870810683390488,121.13300889340066,0.22143035723214727,7,4477.7266666666665
1567440425,0.275,0.029150390625,13.213848571428572,1302.9333333333334,1963.1916666666666,0.4352701822916667,12.0857142857145,92.49273666666667,0.2416666666666667,6,4477.7266666666665
1567440441,0.3,0.03017578125,10.353176785714286,3323.008333333333,3736.475,0.4354248046875,24.092857142857643,72.46875,0.25833333333333336,6,4188.977666666667
1567440457,0.283318336582546,0.029490679037762608,9.676340681687217,6305.304811650299,6200.270457224452,0.434589317442404,40.809469840179645,67.7325645897923,0.2416541693743439,6,4266.739166666667
1567440473,0.2750079193964783,0.029151311340770883,10.196896522985632,7622.061044939752,7284.031212211583,0.4347556300962312,47.455800281467475,71.37653131979864,0.2333395855213491,6,4283.475
1567440489,0.2666687501041719,0.028808828136719325,12.933309383572832,7007.211361818091,6740.731902428454,0.4377152532756846,48.04126998016575,77.59985630143699,0.2666691667916729,6,4283.475
1567440505,0.2833333333333333,0.0294921875,16.531694733614,6969.891666666666,6829.25,0.435986328125,49.30000000000026,99.19016840168402,0.25,6,4283.475
1567440521,0.26666666666666666,0.02880859375,20.391632583674163,7267.166666666668,7246.700000000003,0.4354899088541666,49.62500000000053,122.34979550204494,0.2333333333333333,6,4225.444333333334
1567440537,0.275,0.029150390625,22.296629383706165,7254.541666666668,7259.033333333334,0.4349446614583333,49.349999999999454,133.77977630223697,0.2333333333333333,6,4225.444333333334
1567440554,0.275,0.029150390625,22.161629383706163,6572.6,6674.85,0.43727213541666665,45.80000000000002,132.96977630223694,0.2666666666666666,6,4225.444333333334
1567440570,0.2833333333333333,0.0294921875,21.73833333333333,5738.925,6094.633333333332,0.4363769531250001,40.82499999999925,130.42999999999998,0.25833333333333336,6,3976.2425
1567440586,0.275,0.029150390625,21.12170266702667,6108.8166666666675,6377.475,0.4348307291666667,42.32500000000016,126.73021600216002,0.2333333333333333,6,4261.883499999999
1567440602,0.26666666666666666,0.02880859375,20.491666666666667,6261.908333333333,6479.075,0.4343180338541667,42.57500000000183,122.95,0.225,6,4303.4485
1567440618,0.275,0.029150390625,19.86,6009.983333333333,6317.575000000003,0.4346842447916667,42.23333333333491,119.16,0.2333333333333333,6,4289.599166666666
1567440634,0.28332916687498955,0.029784687523436326,19.141666666666666,5587.534399113378,6006.127658617069,0.4385263052928083,40.809353698981546,114.85,0.2333300001666584,6,4570.447833333333
1567440650,0.2750004168958344,0.02915040773913578,18.50503131697984,4741.37504941225,5335.891644446563,0.4345215026403402,33.41660536147742,111.03018790187902,0.22500041685416766,6,4570.447833333333
1567440665,0.275,0.029150390625,16.883333333333333,3728.7833333333333,4392.708333333334,0.43544921875,26.83333333333394,101.29999999999998,0.2416666666666667,6,4939.981666666667
1567440682,0.2916687501041719,0.029834218761719333,15.401666666666667,3610.8386077637215,4291.1861776422165,0.4360875888846525,26.232723302831825,92.41,0.25833500008333754,6,4508.799333333333
1567440698,0.2833333333333333,0.0294921875,13.93,3646.858333333333,4347.333333333334,0.4347737630208333,26.241666666667623,83.58,0.2333333333333333,6,4508.799333333333
1567440714,0.266662500416625,0.02903598963020365,12.411666666666665,3089.273481818485,3827.022656900978,0.4338469514051199,22.45127403926355,74.47,0.2083300003333,6,4428.8251666666665
1567440730,0.28333833383338336,0.029492690479985494,10.885309700870447,1630.6057872453912,2322.564729806314,0.4350658584738682,13.048463179649662,65.308641538556,0.2333375004167083,6,4692.858600000001
1567440746,0.2699975001249937,0.029218468764061794,7.775584861111112,229.047593120344,860.230431978401,0.4332769264857069,7.567463710148144,46.651365694444436,0.20999800009999486,5,4609.4032
1567440762,0.29000300015000746,0.029765926772901144,5.630621238973721,222.6624676233812,838.9395099754988,0.4348578625220324,7.415869543477626,33.77864243384233,0.24000250012500626,5,4266.634
1567440777,0.28,0.02935546875,3.5142330555555565,222.09,828.72,0.434423828125,7.3916666666669535,21.083326666666668,0.23,5,4266.634
1567440793,0.26,0.02853515625,2.13772986111111,221.28000000000003,839.22,0.43361328125,7.433333333333772,12.822730833333333,0.21,5,4266.634
1567440809,0.29000000000000004,0.029765625,1.188,225.61,849.75,0.4347265625,4.099999999999909,5.94,0.24,5,4266.634
1567440825,0.27,0.0289453125,0.04999990000099999,223.55,841.68,0.433740234375,4.059999999998581,0.249999500005,0.22,5,4266.634
1567440842,0.28999750012499376,0.0297653437640618,0.05,228.28761811909405,858.5205894705264,0.4350054342985976,4.15095745212885,0.25,0.2399980000999949,5,4124.3312
1567440857,0.29,0.029765625,0.05000010000100001,227.06,842.3900000000001,0.435029296875,4.090000000001055,0.2500005000050001,0.24,5,3907.6962
1567440873,0.27,0.0289453125,0.05000010000100001,227.56,853.92,0.4337109375,4.1299999999992005,0.2500005000050001,0.22000000000000008,5,3907.6962
1567440889,0.29,0.029765625,0.05,225.2,853.4900000000001,0.43474609375,4.039999999999509,0.25,0.24,5,3907.6962
1567440905,0.26,0.02853515625,0.04999970000499991,220.72,854.06,0.43310546875,4.1000000000008185,0.2499985000249996,0.21,5,3907.6962
1567440921,0.30000250012500623,0.0301760625140632,0.05000010000100001,214.82225511275558,827.1591154557727,0.4350726852748888,4.069041452072312,0.2500005000050001,0.250002000100005,5,3907.6962
1567440937,0.28,0.02935546875,0.049999800003999915,218.93,840.77,0.434521484375,4.190000000000056,0.2499990000199996,0.23,5,3907.6962
1567440953,0.25,0.028125,0.049999800003999915,210.41,809.89,0.433291015625,3.919999999999618,0.2499990000199996,0.2,5,3426.2794
1567440969,0.2899970001499925,0.02976532325727464,0.05,213.86791710414482,828.2423098845057,0.4347515080300672,4.020960451978292,0.25,0.2399975001249937,5,3426.2794
1567440986,0.27000250012500626,0.029219031264063205,0.05,215.52205610280512,828.1476628831442,0.4333441799043077,4.099039451972052,0.25,0.210002000100005,5,3386.873
1567441001,0.2899995002749987,0.02976560452133784,0.05000020000400008,213.369603725424,824.5879488688447,0.4348925702582275,4.039992904301312,0.2500010000200004,0.23999950022499875,5,3332.1966
1567441017,0.27000250012500626,0.028945593764063207,0.05,213.2822891144557,825.6491849592479,0.4338617511930284,3.959041452073096,0.25,0.220002000100005,5,3332.1966
1567441033,0.26,0.02853515625,0.05,215.89,834.0,0.433564453125,4.059999999997672,0.25,0.21,5,3332.1966
1567441049,0.26,0.02853515625,0.04801786667066674,214.79,830.28,0.4338671875,4.060000000000855,0.2400755833533337,0.21,5,3379.597250000001
1567441065,0.275,0.029150390625,0.04669416666666667,217.7625,840.8875,0.43427734375,4.089999999999692,0.2334616666666667,0.225,5,3380.03425
1567441081,0.275,0.029492187500000006,0.045359083333333335,217.875,849.125,0.43394775390625,4.079999999999926,0.22678125,0.2125,4,3174.31
1567441097,0.275,0.029150390625,0.04403399336633498,215.1875,828.7125000000003,0.4346435546875,4.049999999999727,0.22016079970665198,0.225,4,3111.9515
1567441113,0.275,0.029150390625,0.042666925012917314,222.975,854.375,0.43436279296875,4.1099999999996735,0.2133246245645616,0.225,4,3111.5145
1567441130,0.275,0.029150390625,0.05,216.375,839.9250000000003,0.4345947265625,4.050000000000864,0.2,0.225,4,3111.5145
1567441145,0.2624968751562422,0.028637343767577244,0.05,217.3346207689616,837.7637299385028,0.43391792263414175,4.163696815158584,0.2,0.2124975001249937,4,3111.5145
1567441161,0.3000037501875093,0.03017615846612643,0.05,219.5278676433821,846.186454322716,0.43546686916865374,4.111301815089572,0.2,0.25000312515625783,4,3111.5145
1567441177,0.27499687515624216,0.02915003908007725,0.05,219.8595488975552,851.825794335283,0.4345160653344286,4.1511943152833055,0.2,0.22499750012499373,4,3111.5145
1567441193,0.25000312515625783,0.028125351580079,0.05,216.29032201610082,834.3990224511226,0.4333061959494459,4.048802440121733,0.2,0.20000250012500626,4,3059.71875
1567441209,0.2875031251562578,0.029663437517579,0.05,213.9903220161008,827.7115224511224,0.4347344186056961,4.03630244012146,0.2,0.23750250012500626,4,3059.71875
1567441225,0.2625,0.0286376953125,0.05,219.45,863.4,0.433837890625,4.137500000001637,0.2,0.2125,4,3045.092
1567441241,0.2625,0.0286376953125,0.05,216.6375,837.4124999999997,0.433837890625,4.050000000000864,0.2,0.2125,4,3045.092
1567441257,0.2875,0.0296630859375,0.05,210.8375,820.95,0.4351318359375,3.9875000000000687,0.2,0.2375,4,3049.53275
1567441273,0.2624968751562422,0.02863734376757725,0.05,214.17226201189945,833.4639661766913,0.43400337002192857,4.063698690066065,0.2,0.2124975001249937,4,3049.53275
1567441289,0.2749968751562422,0.02915003908007725,0.05,217.88476201189945,845.5639661766911,0.43455268642817857,4.088698690065474,0.2,0.22499750012499373,4,3049.53275
1567441305,0.26250312515625784,0.028638046892579008,0.05,216.76559452972649,839.1623799939998,0.4341240700951064,4.061308065401562,0.2,0.21250250012500627,4,3049.53275
1567441321,0.275,0.029150390625,0.05,215.325,836.8875,0.4345947265625,4.062500000000568,0.2,0.225,4,3038.561500000001
1567441337,0.275,0.029150390625,0.05,215.2625,833.6875,0.4347900390625,4.050000000000864,0.2,0.225,4,3038.561500000001
1567441353,0.2875,0.0296630859375,0.0486384375,220.65,865.8499999999997,0.43497314453125,4.187500000000455,0.194545,0.2375,4,3038.561500000001
1567441369,0.3,0.03076171875,0.0469728125,215.08333333333331,841.7833333333333,0.44220377604166666,4.062500000000568,0.18788208333333334,0.25,4,3013.384666666667
1567441385,0.26666666666666666,0.02880859375,0.045279375,223.88333333333333,880.6333333333333,0.43409830729166665,4.187500000001592,0.1811066666666667,0.21666666666666667,3,3013.384666666667
1567441401,0.2999941669583188,0.030175244167479125,0.04359947916666667,219.94615435894872,868.5676782827527,0.4358000101297019,4.076196190190196,0.17438875000000004,0.2499950002499875,3,3016.3886666666667
1567441418,0.2666708335416771,0.028809062523438674,0.04190833333333334,224.0040485357601,877.1660849709152,0.4344147643580096,4.111305565277649,0.16762458333333335,0.216670000166675,3,3016.3886666666667
1567441434,0.3,0.03017578125,0.05,214.78333333333333,836.3666666666667,0.435986328125,3.966666666667608,0.15000000000000002,0.25,3,2975.979000000001
1567441449,0.3,0.03017578125,0.05,222.95,877.7833333333334,0.436279296875,4.149999999999636,0.15000000000000002,0.25,3,2975.979000000001
1567441465,0.26666666666666666,0.02880859375,0.04999983333499999,215.76666666666668,855.9166666666665,0.4342610677083333,4.066666666665999,0.14999950000499995,0.21666666666666667,3,2975.979000000001
1567441481,0.2833033423306341,0.029489170826876937,0.05,220.9426988570096,865.0541637508747,0.43508016117300224,4.176233796529227,0.15000000000000002,0.23330834083108398,3,2975.979000000001
1567441497,0.28336334233603416,0.029495205983670107,0.05,216.67268680604167,846.9904171251376,0.4351184180123829,4.107078790305697,0.15000000000000002,0.233358340835584,3,2990.4843333333333
1567441513,0.26666666666666666,0.02880859375,0.05,217.4833333333333,867.9666666666667,0.4341634114583333,4.099999999997787,0.15000000000000002,0.21666666666666667,3,2990.4843333333333
1567441529,0.26666666666666666,0.02880859375,0.05,218.26666666666668,850.25,0.4341959635416666,4.100000000003091,0.15000000000000002,0.21666666666666667,3,3027.7866666666664
1567441545,0.31666666666666665,0.0314453125,0.05,217.76666666666665,854.1166666666667,0.4443033854166665,4.0833333333322726,0.15000000000000002,0.26666666666666666,3,3027.7866666666664
1567441562,0.26666666666666666,0.02880859375,0.05000016666833335,219.13333333333333,858.85,0.4349934895833333,4.199999999997696,0.15000050000500004,0.21666666666666667,3,3006.4843333333333
1567441578,0.2833333333333333,0.0294921875,0.05,220.86666666666667,874.9166666666665,0.4354817708333333,4.233333333331757,0.15000000000000002,0.2333333333333333,3,3006.4843333333333
1567441596,0.3,0.030631510416666667,0.05,224.03333333333333,866.9999999999999,0.4353515625,4.166666666668181,0.15000000000000002,0.2333333333333333,3,3006.4843333333333
1567441612,0.2833333333333333,0.029947916666666668,0.05,219.6,864.8666666666667,0.4342122395833334,4.2333333333325145,0.15000000000000002,0.21666666666666667,3,3006.8196666666663
1567441628,0.3,0.03017578125,0.05,216.3,854.5833333333335,0.4356770833333333,4.083333333333788,0.15000000000000002,0.25,3,3006.8196666666663
1567441644,0.26666666666666666,0.02880859375,0.07666666666666666,397.75,1037.0333333333333,0.4342936197916665,5.366666666666333,0.23,0.21666666666666667,3,3006.8196666666663
1567441660,0.26666666666666666,0.02880859375,1.11,2389.883333333333,2937.916666666666,0.4342936197916667,19.100000000000065,3.33,0.21666666666666667,3,3006.8196666666663
1567441676,0.26666666666666666,0.02880859375,1.979481875,2389.883333333333,2937.916666666666,0.4342936197916667,19.100000000000065,5.938285937499999,0.21666666666666667,3,2980.7485
1567441693,0.3,0.03017578125,2.727383333333333,2219.366666666667,2775.933333333333,0.4361490885416667,17.766666666665667,8.18185,0.25,3,2980.7485
1567441709,0.25,0.028125,2.7035,376.5,993.975,0.433544921875,8.333333333334089,8.11018,0.2,2,2980.7485
1567441725,0.275,0.029150390625,3.6749674999999993,4802.85,4950.025,0.434765625,28.23333333333343,11.024562291666665,0.225,2,2980.7485
1567441741,0.275,0.029150390625,8.299672222222222,10680.825,9674.05,0.4388671875,54.86666666666604,24.89782083333333,0.275,2,2985.517000000001
1567441757,0.275,0.029150390625,18.015,10680.825,9674.05,0.4388671875,74.849999999999,36.03,0.275,2,3042.3045
1567441773,0.25,0.028125,20.26,10525.55,9513.475,0.438037109375,75.29999999999973,40.52,0.25,2,3466.481
1567441789,0.275,0.029150390625,23.1,10786.175,9708.375,0.4379638671875,76.17500000000405,46.2,0.275,2,3466.4809999999998
1567441805,0.275,0.029150390625,30.215,11014.05,9468.05,0.438623046875,78.07500000000005,60.42999999999999,0.275,2,3517.0765
1567441821,0.275,0.029150390625,36.315,10087.575,8730.1,0.4392333984375,81.07499999999618,72.63,0.275,2,3560.0485
1567441837,0.275,0.029150390625,37.21,10087.575,8730.1,0.4392333984375,81.07499999999618,74.42,0.275,2,5078.486
1567441854,0.25,0.028125,37.39,11503.25,9929.5,0.4365966796875,81.4750000000015,74.78,0.225,2,5426.901999999999
1567441870,0.3,0.03017578125,37.67,11551.425,9994.9,0.4413330078125,80.6749999999988,75.33999999999997,0.325,2,5446.6805
1567441886,0.275,0.029150390625,37.88,10669.1,9452.125,0.43935546875,77.15000000000146,75.75999999999998,0.275,2,5446.6805
1567441902,0.25,0.028125,37.64,10443.3,9581.825,0.43779296875,72.70000000000095,75.28,0.25,2,5528.6795
1567441934,0.25,0.02724609375,36.125,9516.925,9018.2,0.452197265625,67.07499999999868,72.25,0.325,2,5928.249
1567441950,0.275,0.029150390625,35.48000000000001,9594.225,9149.4,0.437158203125,68.69999999999891,70.96000000000002,0.25,2,5928.249
1567441966,0.3,0.03017578125,34.224999999999994,10542.85,9616.8,0.4399169921875,72.50000000000115,68.44999999999999,0.3,2,6104.893
1567441982,0.25,0.028125,34.295,11766.325,9671.4,0.43837890625,82.59999999999991,68.59,0.25,2,6104.893
1567441998,0.25,0.028125,34.78,11766.325,9671.4,0.43837890625,82.59999999999991,69.56,0.25,2,6104.893
1567442014,0.325,0.031201171875,35.1,10551.025,9603.375,0.441796875,77.30000000000246,70.20000000000002,0.325,2,6104.893
1567442030,0.275,0.029150390625,32.051675,10489.2,9001.15,0.43916015625,81.00000000000136,64.0936734375,0.275,2,7806.22
1567442046,0.35,0.0322265625,28.855935277777768,1864.75,1750.65,0.444091796875,72.049999999997,57.70492583333333,0.35,1,7806.22
1567442062,0.35,0.0322265625,23.98157375000001,1338.1,1447.25,0.4412109375,78.65000000000464,47.95109833333333,0.35,1,7806.22
1567442078,0.35,0.0322265625,18.203326041666664,1338.1,1447.25,0.4412109375,78.65000000000464,36.39941666666667,0.35,1,7806.22
1567442094,0.25,0.028125,12.587097916666664,1767.85,1315.4,0.43828125,87.85000000000082,25.167275,0.25,1,9200.148
1567442110,0.25,0.028125,14.82,1918.2,1425.3,0.43857421875,100.0,14.82,0.25,1,9200.148000000001
1567442126,0.35,0.0322265625,9.61,8854.45,3575.8,0.442724609375,100.0,9.61,0.35,1,9200.148
1567442142,0.25,0.028125,14.52,14898.75,5541.3,0.438134765625,100.0,14.52,0.25,1,9200.148000000001
1567442158,0.25,0.028125,22.5,14898.75,5541.3,0.438134765625,100.0,22.5,0.25,1,9200.148
1567442174,0.35,0.0322265625,23.99,10330.15,4001.35,0.443408203125,100.0,23.99,0.35,1,9200.148000000001
1567442190,0.25,0.028125,23.99,1797.0,1387.9,0.438720703125,100.0,23.99,0.25,1,9200.148
1567442206,0.3,0.03017578125,24.15,1917.85,1423.3,0.44140625,100.0,24.15,0.3,1,9200.148000000001
1567442222,0.3,0.03017578125,23.25,1917.85,1423.3,0.44140625,100.0,23.25,0.3,1,9200.148
1567442238,0.25,0.028125,15.68,2015.65,1541.4,0.43916015625,100.0,15.68,0.25,1,9200.148000000001
1567442254,0.3,0.03017578125,8.459999999999999,1765.85,1325.1,0.440185546875,100.0,8.46,0.3,1,9200.148
1567442271,0.25,0.028125,7.09,1902.0,1393.35,0.4392578125,100.0,7.09,0.25,1,7806.22
1567442287,0.25,0.028125,7.09,1885.55,1374.6,0.439697265625,100.0,7.09,0.25,1,7806.22
1567442303,0.35,0.033984375,7.08,2189.55,1541.95,0.46572265625,100.0,7.08,0.35,1,9200.148000000001
1567442319,0.35,0.033984375,7.1,2189.55,1541.95,0.46572265625,100.0,7.1,0.35,1,9200.148
1567442335,0.25,0.028125,6.97,1679.7,1209.95,0.439208984375,100.0,6.97,0.25,1,21050.582000000002
1567442351,0.3,0.03017578125,7.04,1907.45,1431.1,0.44033203125,100.0,7.04,0.3,1,1331847.92
1567442367,0.25,0.028125,7.04,1814.25,1349.4,0.43857421875,100.0,7.04,0.25,1,1331847.92
1567442383,0.25,0.028125,7.06,1977.85,1400.65,0.438916015625,100.0,7.06,0.25,1,1331847.92
1567442399,0.25,0.028125,7.12,1977.85,1400.65,0.438916015625,100.0,7.12,0.25,1,1331847.92
1567442415,0.3,0.03017578125,7.95,1909.9,1434.7,0.4416015625,100.0,7.95,0.3,1,1331847.92
1567442431,0.25,0.028125,15.640000000000002,9146.3,3377.0,0.4392578125,100.0,15.64,0.25,1,1331847.92
1567442447,0.3,0.03017578125,15.64,14752.95,5239.9,0.441650390625,100.0,15.64,0.3,1,1331847.92
1567442463,0.25,0.028125,20.46,4317.65,2114.1,0.439306640625,100.0,20.46,0.25,1,1331847.92
1567442479,0.25,0.028125,20.28959420811584,4317.65,2114.1,0.439306640625,100.0,20.28959420811584,0.25,2,1760744.466
1567442497,0.25,0.028125,20.25,1915.95,1382.65,0.439453125,100.0,20.25,0.25,2,1760744.466
1567442513,0.3,0.03017578125,19.39,2028.45,1471.05,0.441748046875,100.0,19.39,0.3,2,3637231.8
1567442529,0.25,0.028125,19.39,1801.75,1348.45,0.440087890625,100.0,19.39,0.25,2,3637231.8
1567442578,0.3,0.03017578125,5.131001701434029,1801.1,1793.075,0.4355712890625,58.65000000000001,10.264192569534725,0.275,2,1985844.2035
1567442593,0.3,0.03154296875,5.639472284026233,1824.425,1728.875,0.4333984375,58.475,11.28033890819396,0.225,2,1985844.2035
1567442609,0.3,0.03017578125,5.964824999999999,1620.575,1612.375,0.4366455078125,56.97499999999998,11.930934166666667,0.275,2,1985918.4755
1567442625,0.275,0.029150390625,6.5357166666666675,1858.975,1811.25,0.435693359375,58.825,13.072653958333332,0.25,2,1985918.4755
1567442641,0.25,0.028125,6.990745729166666,1788.9,1777.675,0.4349365234375,57.975,13.983642083333333,0.225,2,1985918.4755
1567442659,0.25,0.028125,7.255,1771.0,1761.375,0.4344482421875,57.975,14.51,0.225,2,1985918.4755
1567442675,0.325,0.032568359375,6.919243229166666,2227.025,2375.875,0.4352783203125,60.90000000000003,13.837036979166667,0.25,2,1987007.833
1567442691,0.3,0.03017578125,7.2050361503615035,2264.525,2239.475000000001,0.4373779296875,59.64999999999996,14.410072300723007,0.275,2,2939511.7225
1567442707,0.25,0.028125,7.365,2031.65,2162.625,0.434423828125,58.57500000000002,14.73,0.225,2,2939511.7225
1567442723,0.275,0.029150390625,9.544999999999998,7380.0,4657.925,0.4379150390625,80.94999999999985,19.09,0.275,2,2939511.7225
1567442739,0.275,0.029150390625,12.815,7380.0,4657.925,0.4379150390625,80.94999999999985,25.63,0.275,2,2939511.7225
1567442755,0.3,0.03017578125,19.07,11687.675,7939.575,0.4391845703125,89.14999999999964,38.14,0.3,2,2938422.365
1567442771,0.25,0.028125,22.24125,7073.475,4968.75,0.436962890625,75.25000000000048,44.4825,0.25,2,2938422.365
1567442790,0.275,0.029150390625,20.8,2319.05,2375.525,0.4360595703125,61.42500000000005,41.6,0.25,2,2938595.167
1567442805,0.325,0.031884765625,20.86,2022.525,2110.275,0.4374267578125,58.52499999999999,41.72,0.275,2,2938595.167
1567442821,0.275,0.029833984375,20.355,2123.525,2134.65,0.435400390625,59.60000000000001,40.71,0.225,2,2938595.167
1567442837,0.275,0.029833984375,15.419999999999998,2123.525,2134.65,0.435400390625,59.60000000000001,30.84,0.225,3,2938595.167
1567442854,0.3,0.03017578125,9.0,1844.575,1890.225,0.43798828125,58.44999999999999,18.0,0.275,3,2938595.167
1567442870,0.275,0.029150390625,7.519920501589969,2189.875,2236.775,0.4365478515625,59.45,15.039841003179937,0.25,3,2938595.167
1567442918,0.3000058336250146,0.031087822294760575,5.6753519444444445,2398.720662699802,2647.462996483158,0.4339264123036881,47.23206243645512,17.027348333333332,0.2333366668333417,3,1475721.4990000003
1567442934,0.3000058336250146,0.031087822294760575,6.16519375,2617.870662699802,2772.429663149824,0.4340891727203548,48.38206243645522,18.497862083333327,0.2333366668333417,3,1476110.2933333337
1567442950,0.2833333333333333,0.0294921875,6.530972592592592,2123.583333333333,2348.2,0.4349934895833333,44.76666666666665,19.59461222222221,0.25,3,1475741.8680000002
1567442966,0.3,0.03017578125,6.845808989840907,2211.3166666666666,2488.55,0.43583984375,46.64999999999997,20.53952030285605,0.26666666666666666,3,1475741.8680000002
1567442982,0.3,0.031087239583333325,7.189336628729796,2126.4833333333336,2354.5333333333333,0.4340169270833333,44.81666666666667,21.56938363618939,0.2333333333333333,3,1475741.8680000002
1567442998,0.25,0.028125,7.39,2127.85,2354.7166666666667,0.4332845052083333,44.766666666666644,22.17,0.21666666666666667,3,1475741.8680000002
1567443014,0.2833333333333333,0.0294921875,7.856666666666666,2243.3,2471.733333333333,0.43505859375,45.600000000000065,23.57,0.25,3,1475741.8680000002
1567443030,0.3,0.03017578125,10.17,6837.5666666666675,5481.016666666666,0.436767578125,63.63333333333067,30.51,0.2833333333333333,3,1475741.8680000002
1567443046,0.26666666666666666,0.02880859375,16.203333333333333,11131.266666666665,8003.333333333332,0.4384114583333333,82.28333333333353,48.61,0.2833333333333333,3,1477691.8159999999
1567443062,0.2833333333333333,0.0294921875,18.186666666666664,10215.483333333334,7622.583333333332,0.43818359375,78.85000000000144,54.56,0.2833333333333333,3,1477691.816
1567443078,0.3,0.030631510416666667,21.18,7257.966666666667,5605.916666666666,0.4369791666666665,59.88333333333476,63.53999999999999,0.26666666666666666,3,1478236.5096666669
1567443094,0.3333333333333333,0.032454427083333334,21.206666666666667,2209.7833333333333,2456.616666666667,0.43642578125,46.45000000000001,63.62,0.26666666666666666,3,1327082.551
1567443113,0.26666666666666666,0.02880859375,20.666666666666664,1828.45,2125.933333333333,0.43505859375,43.28333333333333,61.99999999999999,0.2333333333333333,3,637450.2093333334
1567443129,0.31666666666666665,0.03177083333333333,18.246666666666666,2208.6,2447.95,0.43582356770833336,45.74999999999998,54.74,0.25,3,637450.2093333334
1567443145,0.3,0.03017578125,12.426666666666666,2550.366666666667,2781.15,0.4361653645833333,47.66666666666666,37.28,0.26666666666666666,3,637441.713
1567443161,0.26666666666666666,0.02880859375,10.426666666666666,2173.833333333333,2421.433333333333,0.43509114583333336,45.85000000000003,31.28,0.2333333333333333,3,1647480.0473333332
1567443177,0.2833333333333333,0.0294921875,7.469662477211295,2064.4500000000007,2315.733333333333,0.4356282552083333,45.0,22.408987431633893,0.25,3,1647480.0473333332
1567443193,0.2833333333333333,0.0294921875,7.416666666666666,2073.7,2363.016666666667,0.4378255208333333,44.9666666666667,22.25,0.2833333333333333,4,1647480.0473333332
1567443209,0.2833333333333333,0.0294921875,7.39,1829.65,2080.866666666667,0.43655598958333336,43.983333333333356,22.17,0.26666666666666666,4,1647480.0473333332
1567443225,0.2833283335833208,0.029947413762124387,7.163333333333332,1901.9699848340915,2151.9760503641487,0.4348560428423891,44.234751595753394,21.49,0.2333291668749896,4,637441.713
1567443257,0.3125,0.0310302734375,5.835407792110393,1982.175,2282.5125,0.4346435546875,38.237499999999976,23.343164425112075,0.2625,4,342063.17575
1567443273,0.3,0.03095703125,6.0487660344879774,1942.0875,2273.175,0.4412841796875,38.27500000000008,24.19687534267178,0.25,4,342018.93175
1567443306,0.2875,0.0300048828125,6.971522613511998,2144.5625,2463.675,0.4342529296875,39.637500000000045,27.887621261867857,0.2375,4,340589.81625000003
1567443322,0.2874962501874906,0.030004505634093293,7.395627945275684,4104.327619244038,4255.936835658216,0.4345282699243944,42.500863706813504,29.58482800214997,0.2374968751562421,4,340589.81625000003
1567443338,0.3000043752187609,0.030859794942872144,10.836755353279802,6276.785832416621,6076.345939171959,0.4345757381863233,56.124385594278536,43.349124225424426,0.23750312515625785,4,340589.81625000003
1567443354,0.3000043752187609,0.030517998067872143,14.905,7860.235832416621,7637.658439171959,0.4350029842800734,55.6743855942805,59.62000000000001,0.25000312515625783,4,247407.70899999997
1567443370,0.2625,0.0286376953125,17.412584251685033,7596.749999999999,7479.5375,0.43768310546875,53.76249999999914,69.65033700674013,0.275,4,247407.709
1567443386,0.275,0.029150390625,18.3125,4540.95,4704.6375,0.43568115234375,50.20000000000067,73.25,0.25,4,247451.953
1567443402,0.2874962501874906,0.030102161884093294,18.275,2177.271439553022,2665.963931178441,0.4410590365257128,38.43852369881414,73.1,0.2499968751562422,4,247451.953
1567443418,0.2875031251562578,0.030102890642579008,17.915,1957.2976742587127,2478.368494674734,0.4413017910417005,37.048941197059015,71.66,0.25000250012500624,4,247451.953
1567443434,0.2750031251562578,0.029492539080079008,14.2075,1674.0351742587134,2264.843494674734,0.4336723965104505,29.886441197061693,56.83,0.22500250012500625,4,246884.63625
1567443450,0.2875,0.0296630859375,10.29,577.0875000000002,1265.675,0.43455810546875,10.64999999999877,41.16,0.25,4,246884.63625
1567443466,0.25,0.028125,6.5074891501085,233.7125,918.1125,0.43309326171875,6.825000000000332,26.029956600433998,0.2125,4,246884.63625
1567443482,0.3125,0.0310302734375,4.194989150108499,235.2875,917.425,0.43544921875,6.7874999999994765,16.779956600433994,0.2625,4,246884.63625
1567443499,0.2875,0.0296630859375,2.3875,231.425,906.8875,0.43472900390625,6.699999999999484,9.55,0.25,4,246869.8995
1567443515,0.2625,0.0286376953125,1.075,235.6625,924.6125,0.432958984375,6.88750000000084,4.3,0.2125,4,246825.6555
1567443531,0.2999962501874906,0.030175404071593293,0.1025,232.02220201489925,910.3518974051296,0.4360907674831102,6.801199315033539,0.41,0.27499687515624216,4,246825.6555
1567443546,0.26250312515625784,0.028638046892579008,0.05500000000000002,236.215307640382,919.4231942847143,0.43392873867326176,6.836300565029205,0.22000000000000008,0.22500250012500625,5,246825.6555
1567443563,0.3,0.03017578125,0.05,238.15,932.7375,0.4342529296875,6.612499999998889,0.2,0.25,5,246825.6555
1567443579,0.31,0.0311328125,0.05,695.0899999999997,3016.38,0.432333984375,20.709999999999003,0.2,0.23,5,246825.6555
1567443611,0.3099970001499925,0.031132510757274637,0.04211823333433333,239.4377176141193,942.6312084395779,0.4342144152557997,6.630958952052143,0.2105999166716666,0.2499975001249937,5,198061.342
1567443627,0.2900030001500075,0.030312801772901143,0.04346008333333334,237.2322611130556,916.0986139306964,0.4334320734591417,5.9390444522234365,0.21730958333333333,0.23000250012500625,5,197978.734
1567443643,0.29,0.0300390625,0.04479633333333333,234.99,917.35,0.43326171875,4.229999999999451,0.2239904166666667,0.23,5,197978.734
1567443659,0.31,0.0311328125,0.04613258333333334,232.36,915.13,0.4337695312500001,4.0499999999993435,0.2306720833333333,0.24,5,198074.0894
1567443675,0.26,0.02880859375,0.04746026666766668,228.56,901.63,0.432919921875,4.130000000000905,0.2373109166716667,0.22,5,198074.0894
1567443691,0.31,0.030859375,0.04879183333333333,227.22,904.26,0.434150390625,4.1199999999993215,0.2439683333333333,0.25,5,198074.0894
1567443707,0.2799970003999925,0.029902028364208192,0.05000010000100001,225.7877563348444,909.5014078492537,0.4325542965478408,4.080959856102103,0.250000500005,0.209998000299995,5,198074.0894
1567443723,0.2900030004500075,0.029765926803076926,0.04999940004999658,232.43219434565552,916.1285138681964,0.4338422145194932,4.159040856297912,0.2499970002499829,0.24000250037500626,5,34963.55060000002
1567443739,0.28000300015000745,0.029355770522901142,0.049999300048996574,225.1322731136557,901.7790989549477,0.43319770187728135,4.049040952048353,0.2499965002449828,0.23000250012500625,5,34963.55060000002
1567443756,0.2599970001499925,0.028534854507274637,0.05,224.13779911004448,899.5314889255537,0.4325640182834608,4.040958952053384,0.25,0.2099975001249937,5,34963.55060000002
1567443772,0.3199970001499925,0.03181610450727464,0.05,229.94779911004449,911.6314889255536,0.4339019089084608,4.110958952052384,0.25,0.2399975001249937,5,34963.55060000002
1567443788,0.31000250012500624,0.0311330937640632,0.05,231.2121791089554,918.128453922696,0.4339398688684433,4.109039951997244,0.25,0.240002000100005,5,34934.65560000001
1567443804,0.28999600019999,0.030038706072508883,0.05,224.77784810759465,889.8515924203789,0.43378470187818735,4.060959452026921,0.25,0.2299970001499925,5,34934.65560000001
1567443820,0.2799925021246063,0.029354625239018214,0.05,225.45297643336482,898.0514852744237,0.4336784475191683,4.0928766845256375,0.25,0.22999400169968506,5,34934.65560000001
1567443836,0.3000120024004801,0.030450426022704542,0.05000070004900343,226.52903180636127,898.6352330466092,0.43376733745186535,4.066161232245928,0.2500035002450171,0.2400100020004001,5,3091.1
1567443852,0.28,0.02935546875,0.05,230.09,913.26,0.4334375,4.150000000001056,0.25,0.23,5,3055.5376
1567443868,0.28,0.02935546875,0.05,227.01,896.27,0.4331640625,4.109999999999388,0.25,0.23,6,3055.4066
1567443884,0.28,0.02935546875,0.05,225.19,897.8700000000001,0.43361328125,4.100000000000306,0.25,0.23,6,3055.4066
1567443900,0.28,0.02935546875,0.05,230.65,922.25,0.433544921875,4.089999999999861,0.25,0.23,6,3055.4066
1567443916,0.2799970001499925,0.029355167007274637,0.049999800003999915,224.53770511474426,907.5108599570019,0.4335015134008925,4.100958952052308,0.2499990000199996,0.22999750012499376,6,3057.9054
1567443932,0.3333358334583396,0.03245467856075095,0.04999970000899973,767.6019696818173,1764.107799139957,0.43340205584497976,8.515867876727338,0.24999850004499866,0.2500020834375052,6,3057.9054
1567443964,0.2833333333333333,0.029947916666666668,0.04318472222222222,229.275,897.95,0.4325113932291667,4.066666666666485,0.2591170833333333,0.21666666666666667,6,3053.367333333333
1567443980,0.2916616671666167,0.029833481495600438,0.04429444444444445,232.49561543845616,907.7510265640103,0.433570277412363,4.168259840682315,0.2657758333333333,0.241662500416625,6,3053.367333333333
1567443996,0.2833283338332834,0.029719549203933774,0.04540375,235.29561543845617,912.7676932306767,0.4328704076206963,4.201593174015808,0.27243625,0.22499583374995835,6,3040.587833333333
1567444012,0.2833354167708385,0.02972028647005267,0.04653084722638895,228.535203426838,900.1405128589763,0.4328079432943001,4.065866209976865,0.27920800002500035,0.2250016667500042,6,3062.540833333333
1567444029,0.3083308334583271,0.030973055839395525,0.04765979166666666,230.92310509474532,903.6426978651068,0.43341109881354895,4.092464543439529,0.28596791666666665,0.2416645834374948,6,3062.540833333333
1567444045,0.2666691670000062,0.028808845250855118,0.05377615278527801,233.51036279204675,926.7159040587896,0.4326126637073048,4.124202380123057,0.32266775004500137,0.2166687502708385,6,3062.540833333333
1567444061,0.2750000002083333,0.0291503906484375,0.11488375,599.7782768341332,1280.2527024110484,0.43310547602671307,6.991622423042017,0.6893116666666667,0.22500000016666666,6,3062.540833333333
1567444077,0.26666458343749483,0.028808359386718163,0.5846044972282222,966.9916304184793,1657.7939073879638,0.4326705633305574,9.30074746262708,3.5077498167026664,0.2166650000833292,6,3111.8865
1567444093,0.2666687501041719,0.028808828136719325,1.5183817638888892,1605.1881769088454,2273.3194059702982,0.4327998248056934,13.082598296581864,9.110851583333334,0.21666833341667088,6,3108.6518333333333
1567444109,0.2833266672082854,0.029491467344599176,2.5900000778232783,2051.4942625212752,2708.3864721551613,0.4338107959855145,16.193749826431578,15.54135046693967,0.2333279171041281,6,3099.1776666666665
1567444125,0.266662500416625,0.02903598963020365,3.7153574305555566,2670.8219786354707,3314.7204246242045,0.4332366161170341,19.843054861181475,22.29303583333333,0.20833000033329996,6,3099.1776666666665
1567444141,0.2833408339583896,0.029720817934535317,4.773839305555555,3252.5211711126453,3863.912177821779,0.4336615491613972,23.7147373391095,28.64388833333333,0.2250058338333792,6,3120.134
1567444157,0.2666691667916729,0.029264585787883143,6.8561962083333325,3477.311756004468,4041.9262533960023,0.4325801047539356,25.38269246795562,41.13965408333333,0.2000016667500042,6,3065.5085
1567444174,0.2833304168124927,0.029719772149413362,8.882736422267392,3764.7468380747628,4271.316447927604,0.4332401979347647,27.583921637252153,53.30006643193786,0.2249979167708281,6,3065.5085
1567444190,0.2833354167708385,0.02949242188671933,10.256666666666668,3974.2010196343153,4456.281081554078,0.4350459157072437,28.32439038618513,61.53999999999999,0.2500016667500042,6,3012.843000000001
1567444206,0.2583312501041615,0.02846656251171816,11.431666666666667,4467.397430128493,4910.151409512859,0.4330204852062085,31.3505978867729,68.59,0.20833166674999584,7,3018.6828333333337
1567444222,0.30000250012500623,0.030176032727417618,11.875,4051.147745720619,4518.235965131589,0.4359493214732351,31.916105388602773,71.25,0.26666958347917397,7,3018.6828333333337
1567444238,0.2750025001250063,0.02915064210241762,12.984957834176653,4189.764412387286,4629.86096513159,0.4355261443899018,32.08277205526947,77.90974700505991,0.2500029168125073,7,3062.6735
1567444254,0.26666458343749483,0.028808359386718163,13.875,4576.041270019832,4954.070823542157,0.4339563547538769,33.44221913904337,83.25,0.2249983334166625,7,3078.4159999999997
1567444286,0.2833358334583396,0.029492438977417625,13.023391845238091,4311.19117247529,4696.669985582613,0.4345495131201873,31.53277080520776,91.16658916666668,0.2416687501041719,7,3107.443285714285
1567444303,0.2714303572321473,0.02919941965290228,13.508744345238096,4307.2643278592495,4594.98134799597,0.4331713349060311,32.142381404784544,94.56591291666665,0.22143000007143213,7,3108.630714285714
1567444319,0.27142821448214194,0.029199204122384168,13.944760416666664,4716.007229999857,5022.307783817038,0.4344307853961181,34.19998673880339,97.61764374999998,0.235713928732142,7,3128.060571428571
1567444335,0.28571035733927586,0.029589427336668882,14.376015107991446,4752.170695750927,5107.287206353968,0.4367822617518678,34.10807888176993,100.63555950594014,0.27856750019641874,7,3146.041571428572
1567444351,0.2785692858214232,0.029491971969481882,14.737096072241807,4665.772424950182,4985.640571185726,0.43386269337481786,34.27905211882264,103.16437844319263,0.2357125000892813,7,3356.482428571429
1567444367,0.2642678680303687,0.028904497470026037,15.314578167104807,5130.8599854575095,5406.8083131539315,0.4328225921827517,36.06110467281765,107.20532216973366,0.21427072335268804,7,3382.512285714285
1567444383,0.3000196538809453,0.03076393957516663,15.594285714285714,5137.395577108888,5417.68918444562,0.4370108236406776,35.62361439597932,109.16,0.2785867945940409,7,3382.512285714285
1567444399,0.2714232149463884,0.029002872560611032,15.865714285714285,5121.974168161334,5368.6435531103525,0.4350322651556149,36.10183522127926,111.06,0.2428503576249616,7,3446.9405714285717
1567444415,0.29286142921432856,0.03007855614725598,16.11,5114.893825771082,5347.217828975932,0.4343951334616619,36.34197200602677,112.77,0.2428607148214643,7,3446.9405714285717
1567444432,0.27857785767861964,0.0292975216777741,16.317142857142855,5078.76469508476,5318.741858131618,0.4340355099807824,36.06292595832848,114.22,0.2357196433036116,7,3505.3065714285717
1567444449,0.2714264286785661,0.029199003219481882,16.43428571428571,5242.36133871878,5417.710824458776,0.4344695526802901,36.46472926353746,115.04,0.2357125000892813,7,3505.3065714285717
1567444466,0.28571428592857145,0.02958984377155413,16.534286000470285,5202.016682914559,5390.2532258645615,0.4354701415629708,36.7285781702671,115.740002003292,0.2571428573214285,7,3521.8412857142853
1567444482,0.2642875000892902,0.02871113840290229,16.514262343090852,5448.881599079954,5584.917645167972,0.4340153736900014,37.33526426321364,115.59983640163601,0.2285728572142893,7,3521.8412857142853
1567444498,0.2928571428571429,0.030078125,16.592809115246265,5322.121428571429,5519.42142857143,0.4347446986607143,36.514285714286224,116.14966380672384,0.25,7,3627.2935714285713
1567444514,0.2642857142857143,0.02890625,15.144200258416836,3162.55,3571.8142857142852,0.434375,31.757142857142394,106.00940180891784,0.2285714285714285,7,3682.628714285714
1567444531,0.2999953573749884,0.030565950776121908,15.078332750486254,4049.7757447841886,4361.133744384209,0.4351361003378403,35.05818851914652,105.54832925340378,0.2499964287499911,7,3786.360142857143
1567444547,0.2642875000892902,0.02871113840290228,15.329978300216995,5706.599541762803,5809.720106719622,0.4341758208167105,39.7710121220348,107.309848101519,0.2285732143750045,8,4164.527571428572
1567444563,0.27142857142857146,0.029003906250000006,15.485714285714286,5840.42142857143,5922.828571428572,0.4345354352678572,39.94999999999952,108.4,0.2357142857142857,8,4197.889428571429
1567444579,0.2785714285714286,0.029296875,15.840022328794715,5803.635714285714,5881.67142857143,0.4343889508928572,40.09285714285676,110.88015630156302,0.2357142857142857,8,4289.322428571429
1567444596,0.26428785725000536,0.02871115305207224,16.061473458040584,5677.342797139857,5737.300587172215,0.4347966292706377,39.035287478659775,112.43031420628412,0.2357160715178616,8,4366.019714285714
1567444612,0.271426785803567,0.029003705367187,17.59007625842431,5621.803602319884,5689.4171398572935,0.4350694093364528,38.17902819144661,123.13053380897017,0.2428550001071375,8,4529.7031428571445
1567444644,0.2687450004062141,0.028893502852199382,16.18601411977184,5194.54990867545,5312.826284097599,0.43481851325000026,39.4136833389306,129.4912029581747,0.2499953128593445,8,4608.655125
1567444660,0.3000053129531664,0.030689029587528626,15.606128884794366,3704.7058595168974,4076.0307627089396,0.4350484342114716,29.354773003114058,124.85167982835488,0.2562546878906602,8,4608.655125
1567444676,0.2750015625781289,0.029150566415039506,13.447684350172123,2146.4838810690535,2730.951096617331,0.4342739671163246,26.96823372418616,107.583889801377,0.2375015625781289,8,4366.1343750000015
1567444693,0.2687484375781211,0.028893867196288617,11.74319875,2261.772337008149,2825.1112063146843,0.4332309367197656,27.838014661766845,93.94826375,0.22499875006249687,8,4548.145374999999
1567444709,0.27499843757812115,0.029150214852538624,10.425417193368418,2233.935077308635,2781.8567646617657,0.4333347038092431,28.15675028748562,83.40535056778067,0.2312487500624969,8,4373.7235
1567444725,0.2937518750937547,0.03026141907681322,9.27876077510775,2429.1014535101754,2977.617789326968,0.4348904081556617,28.56823372418636,74.230086200862,0.2500015625781289,8,4373.7235
1567444741,0.28750000000000003,0.029833984375,8.210010775107751,2314.21875,2876.0875,0.434136962890625,27.993749999999977,65.68008620086201,0.2375,8,15981.643875000005
1567444758,0.2875,0.029833984375,7.0275349640614335,2185.4687500000005,2724.9125,0.4342956542968749,27.41250000000005,56.220279712491426,0.2375,8,15981.643875000005
1567444774,0.2874981250937453,0.03000469422329665,7.118759162591625,2185.198407579621,2733.0747340757957,0.4338168702526788,27.32552278636068,56.950073300733,0.2312484375781211,8,95833.8985
1567444790,0.2749981252499953,0.029150202053374773,7.03125,2231.051054909112,2790.4593418173204,0.4337436310818261,27.419277734423122,56.25000000000001,0.2312484377031211,8,95833.8985
1567444806,0.2937500001875,0.030090340595459005,6.8575,2302.3542300010417,2860.5606423226673,0.43462522213346855,27.90624213617173,54.86,0.2437496876406242,8,95856.475125
1567444822,0.2749962503749625,0.02932091190295033,6.95,2992.341707079292,3397.1336972552745,0.4337348223185494,27.63224927507124,55.60000000000001,0.2249968753124688,8,95694.304875
1567444838,0.2687546878906601,0.028894570356449264,8.876239200107998,5118.761046737985,5103.202174656281,0.4340779315835569,41.45518459888136,71.00991360086398,0.22500375031252806,8,95852.115
1567444854,0.2750015625781289,0.029150566415039506,11.503764112641127,6092.6935837416895,6035.511223686184,0.43695949476428897,42.31839154457672,92.030112901129,0.2687512500625032,8,96147.02375
1567444870,0.3,0.030517578125,13.462483025169744,6257.2375,6104.69375,0.4364013671875,43.425000000001795,107.69986420135795,0.26875,8,96311.08375
1567444887,0.2812515625781289,0.029577812508789506,15.642460787892125,5928.156908782939,5854.882040352018,0.4353542661874305,42.530886544327466,125.13968630313695,0.2500012500625031,8,96315.443875
1567444903,0.275,0.029150390625,16.795,5032.00625,5085.2375,0.435418701171875,43.36874999999779,134.36,0.24375,9,96315.443875
1567444919,0.28125,0.029406738281250008,16.916103885228033,2891.1125,3360.39375,0.434991455078125,29.44374999999807,135.32883108182426,0.24375,9,96516.457875
1567444935,0.27499843757812115,0.029150214852538624,14.867518337683375,2109.8399470651466,2666.260464164292,0.4345737138191919,27.056761224438706,118.940146701467,0.2374987500624969,9,96516.457875
1567444951,0.2812484375781211,0.029406562508788626,12.676217650646985,2317.247408879556,2871.6999334408283,0.4342624366584405,28.38176059947019,101.40974120517588,0.2374987500624969,9,106063.47375
1567444999,0.2888888888888889,0.030023871527777773,7.107979368208946,2548.8388888888885,3070.6722222222224,0.4337890625,28.611111111111196,63.9733843138805,0.2333333333333333,9,94557.28555555557
1567445016,0.2888872223055514,0.030023703892930364,6.92058521501505,2372.980211822742,2941.05493169786,0.4339114242747064,27.322671644195555,62.28676193513546,0.23333194451388545,9,94414.62755555556
1567445032,0.28888722230555136,0.030023703892930364,7.08914026234568,2325.4246562671865,2887.1271539200816,0.43392770031637307,26.7560049775288,63.80392291666667,0.23333194451388545,9,94190.07144444443
1567445049,0.28888694484719235,0.030023692532657624,7.080874090597786,2439.464350535156,3021.214611256427,0.4357234158665749,27.57823794282745,63.73041973204673,0.2555527782221861,9,94334.22277777776
1567445065,0.2777761121943653,0.029416065104619863,7.208653444444442,2186.879602575288,2753.342715943483,0.43364015157843067,26.48937025541122,64.88025216666666,0.2277763897916007,9,94334.22277777776
1567445081,0.2944505565834653,0.03010039777814305,7.3499916778609995,2542.763726494376,3085.8922672960475,0.4342032079752738,28.098628082107915,66.149925100749,0.2444488896389833,9,94334.22277777776
1567445097,0.28888888905555554,0.029720052100097656,7.2200397457859395,2406.742960917246,2944.131757711316,0.4343587320659858,27.46664967712503,64.98035771207346,0.2444444445833333,9,94334.22277777776
1567445113,0.2666680559028021,0.028808750039065238,7.204444444444442,2111.385816939526,2640.411218980589,0.4335636041164971,25.83848127700613,64.84,0.22222333361113056,9,94269.34488888893
1567445130,0.2777822225833653,0.029264803099531538,8.817767522324777,3965.000606829354,4354.060736309922,0.4347077385027533,33.93207239286565,79.35990770092296,0.2444480558472479,9,94270.77222222221
1567445146,0.28888750006944103,0.029719895841145438,11.059986889019997,6025.236699831676,6313.529190207157,0.4350778937290115,42.42254859479426,99.53988200117998,0.2499988889444417,9,93963.67599999999
1567445162,0.2888888888888889,0.030023871527777773,12.01330587805233,6127.044444444445,6412.65,0.4354654947916666,42.388888888887685,108.119752902471,0.25,9,93851.36166666668
1567445178,0.2777777777777778,0.029416232638888887,14.459779010839215,6037.3888888888905,6287.9333333333325,0.43577473958333335,42.49999999999897,130.13801109755295,0.25,9,93778.20355555556
1567445195,0.2888888888888889,0.029871961805555555,16.455555555555552,5421.955555555554,5684.5666666666675,0.4369574652777777,38.88333333333339,148.1,0.26666666666666666,9,93631.15655555554
1567445211,0.28888750006944103,0.029871805563367663,16.921666666666667,3089.640700187213,3528.70527306968,0.4362985971252652,31.22817609119614,152.295,0.2611100000555528,9,93719.19688888892
1567445227,0.2888877781388653,0.0300237267106364,15.096666089220223,2213.059847816131,2737.766704016966,0.4359839885040679,26.444922105869395,135.869994802982,0.2555552780972049,9,93717.91655555557
1567445243,0.2777769451250021,0.02945950202571598,13.627760922390776,2004.4468755515586,2557.17730172686,0.4368737182586072,25.5282456240983,122.649848301517,0.2333327783333361,9,209531.8418888889
1567445259,0.28889555605559725,0.029916035206547162,11.524468866910892,2077.453613631138,2646.0356767457224,0.4373685955591967,25.64813958275236,103.720219802198,0.24445000041670145,9,209531.8418888889
1567445275,0.2777808334861187,0.029264646826091312,8.949036323262444,2163.5494710846656,2741.3462889811162,0.4339620599736584,25.88238967503915,80.54132690936201,0.2333358334583396,9,209530.21655555567
1567445291,0.26666805562500345,0.028808750007812887,6.843333333333333,2145.4003980754587,2689.27142551572,0.433606994748609,25.83286330983219,61.59,0.2222233333888917,9,209482.72833333333
1567445307,0.27222222222222225,0.02903645833333333,6.496659166741666,2169.955555555556,2714.2944444444447,0.4347276475694444,26.611111111111192,58.46993250067497,0.2388888888888889,9,209498.2878888889
1567445323,0.2888888888888889,0.029871961805555562,6.584437000074444,2169.3722222222227,2704.683333333333,0.4343044704861112,26.172222222222324,59.25993300067,0.2388888888888889,9,209481.83955555558
1567445340,0.27222361118055904,0.029036614591146225,6.673311044815772,2167.2622306115304,2713.3329199793325,0.4341115691309739,26.13842136551289,60.05979940334194,0.2277788889444472,9,209516.8448888889
1567445356,0.2666680556250035,0.028808750007812887,6.6744444444444415,2062.840008389308,2615.8551422015544,0.4338674285059739,25.527310254401694,60.06999999999999,0.22222333338889166,9,209534.1596666668
1567445372,0.2611097222916632,0.028580572924478773,6.648896222295555,2039.2242668422127,2580.5425492614263,0.4333309324659636,25.506004977528786,59.84006600066001,0.21666555561110834,9,223611.292
1567445388,0.283330000833225,0.029491852297352388,6.564444444444447,2098.7861332732496,2652.912327395173,0.4345492194136617,25.53981393529385,59.08,0.2388861118054653,9,223571.76033333328
1567445404,0.2722250006945348,0.02918868063369072,6.491118477851447,2017.8729043151307,2608.18227565196,0.4335117318841076,25.143474483510733,58.420066300663,0.22222444500007224,9,223552.1118888889
1567445420,0.2833333333333333,0.029644097222222218,6.731083257390245,3143.0555555555547,3580.5166666666664,0.4347005208333333,29.216666666666214,60.57974931651222,0.2388888888888889,9,223552.1118888889
1567445436,0.2722222222222222,0.02918836805555555,9.102259089808914,5361.205555555556,5548.194444444444,0.4345540364583333,43.866666666666404,81.92033180828024,0.2277777777777777,9,223462.66866666664
1567445452,0.27222055563888475,0.02903629069848591,11.64111111111111,6432.5672269164315,6646.654084517995,0.4352785775967278,44.50031915070852,104.77,0.23888694454166184,9,223485.69322222206
1567445469,0.2833347222916701,0.029492343757812886,14.24,6535.411700862821,6731.674217044185,0.4356577860360032,45.466354151041145,128.16,0.25000111116666945,9,223479.9451111111
1567445485,0.2777777777777778,0.029416232638888887,16.175536877964554,5995.555555555556,6246.72777777778,0.4374240451388889,45.133333333332274,145.57983190168096,0.27222222222222225,9,223527.7524444445
1567445501,0.2722188892221889,0.029036123080400295,16.898870211297883,3007.9062910375633,3422.1359886233604,0.43643717605236,30.85634547656397,152.08983190168095,0.25555222255552223,9,209415.61477777784
1567445517,0.27222333369446805,0.02903660322973903,16.575648282414118,2070.7801157671056,2552.8549169820403,0.43504471712665604,24.66065655271472,149.18083454172702,0.23888972251390764,9,161939.75577777773
1567445534,0.2777727781944069,0.0292638200288862,14.267777777777773,2354.077071929853,2833.674787580017,0.4352249694074299,25.084695997677716,128.41000000000003,0.24444027812496874,9,161934.72544444446
1567445550,0.2722247226528049,0.029036759487551925,12.438862444973322,2692.7344265323527,3131.196560129277,0.435112232167827,30.304664867018822,111.94976200475992,0.2388908336805771,9,161938.65311111108
1567445566,0.2722250002778055,0.02903677086458645,9.487777777777778,1848.2375104177088,2408.615784356213,0.4340000427994189,24.321316020490986,85.38999999999999,0.2277800002222445,9,302972.2092222222
1567445582,0.2944427781944153,0.0300996587875676,8.432222222222222,1961.8276733440825,2527.488996325712,0.43490971034566106,24.67266488364665,75.88999999999999,0.2444430559027535,9,341084.00933333323
1567445598,0.2833352781805854,0.029492366577802444,6.675555989046334,2160.08337692918,2711.187767583317,0.4345672944378676,26.16066738558936,60.08000390141699,0.2388905558889139,9,341107.3225555555
1567445615,0.26111111125,0.028580729182291664,6.717777777777778,2105.857938994978,2651.947447965661,0.4337727910390625,25.761120231541693,60.46,0.2166666667777778,9,341107.3225555555
1567445631,0.28333333349999995,0.02949218751676432,6.748033156227535,2304.4802932340203,2856.6735249840867,0.4362521324047579,26.86669106527779,60.73229840604782,0.2611105557222208,9,341104.76044444443
1567445647,0.2666666668055556,0.028808593765624998,6.266651578773318,2182.2009516679746,2751.512918158532,0.4350748705746256,26.23888578626364,56.39986420895987,0.2333333334444445,9,341140.8548888889
1567445663,0.2944444446111111,0.029947916683430987,6.43888037870754,2101.264836402732,2667.4196567752297,0.43481444794124346,26.311107175694627,57.949923408367866,0.2500000001388889,9,341131.5497777777
1567445679,0.28888555572221386,0.029719716813638487,6.7988888888888885,2153.9815159242034,2699.3791349321427,0.4346360136962771,26.37315245348845,61.19,0.2444416668055486,9,341123.3632222222
1567445695,0.2888886112638881,0.02987195042852102,6.9611038448084415,2627.194369739097,3156.956447858072,0.4346462567513834,28.861106623222113,62.64993460327596,0.23888861123611044,9,341107.3103333334
1567445711,0.2833330557083326,0.029492176122965463,7.26,2467.6832586279857,2995.089781191405,0.4352647463347168,28.06666217877769,65.34,0.24999972234722154,9,341055.6438888889
1567445728,0.26666805562500345,0.028808750007812887,8.848918289770916,3209.84200293348,3615.727303587402,0.4348168762062235,29.3995949797482,79.64026460793824,0.2388902778472257,9,341177.82022222225
1567445744,0.29444444444444445,0.030099826388888886,10.47445785568967,6257.822222222223,6463.455555555555,0.4375162760416667,44.32777777777788,94.270120701207,0.2777777777777778,9,341137.71666666673
1567445760,0.2777777777777778,0.02926432291666667,12.430039823754926,6485.733333333334,6662.666666666666,0.4358940972222223,45.00555555555694,111.87035841379436,0.25,9,303129.61144444445
1567445776,0.2777777777777778,0.02926432291666667,14.442014518223221,5332.5,5624.650000000002,0.436865234375,37.78888888889014,129.973480039009,0.2611111111111111,9,340496.454
1567445792,0.30555722230555976,0.030403813484945082,13.690310940258186,2588.0663674850407,3103.6196959848,0.4369490528562887,19.910641643192967,123.2098691567681,0.2777794445277819,9,340489.35525000014
1567445809,0.27499843757812115,0.029150214852538624,13.174304292742255,1582.8713026848654,2201.0734969501527,0.43385959882914055,16.37826553116878,118.56369467634698,0.22499875006249687,8,340497.15012500004
1567445825,0.3000021876093805,0.030346889658936067,12.049762175925924,2046.4727298864943,2571.763841942097,0.4353847984147254,26.855104699678307,108.44227291666668,0.2562515625781289,8,340497.15012500004
1567445841,0.26249843757812114,0.028637519540038618,10.531434027777776,1835.882320883956,2371.9653692315383,0.43566013136110776,27.5949219205708,94.77889083333332,0.2437487500624969,8,437602.588875
1567445857,0.2812468751562422,0.029406386736327245,8.058759187591875,1963.5255402854846,2506.979982250888,0.4347357970846575,26.23856275936204,64.470073500735,0.2374975001249937,8,437602.588875
1567445873,0.2874984375781211,0.029662910165038626,5.743759012736624,2176.5057194015303,2698.7083630193492,0.4348544743172997,27.281775598719978,45.95007210189299,0.2437487500624969,8,340497.15012500004
1567445889,0.2687456266559579,0.028893640305146486,6.243750362660878,2252.8425829557323,2764.777650180749,0.4341132073990237,27.9135414087363,49.950002901287014,0.2249962513747563,8,340498.87375000014
1567445905,0.3124831273433704,0.030686779410514793,6.595016725167253,2194.6141462335945,2718.883551400032,0.4360168176643214,28.023420913839875,52.76013380133802,0.26873593945280866,8,340504.12125000014
1567445922,0.27501281476598993,0.02915169823062785,6.803758500085001,2151.3191848454208,2660.2554816999186,0.4346137146318985,27.03387404269499,54.43006800068001,0.2312606268753032,8,340504.12125000014
1567445938,0.2812515625781289,0.029406914071289505,6.7087499999999975,2130.9694197209865,2668.435833041652,0.4349880625745153,27.06822997399852,53.67,0.2375012500625031,8,340522.03225000005
1567445954,0.2875015625781289,0.0296632617275395,6.829991512584874,2159.4006697209866,2683.292083041652,0.4350918223401405,27.23697997399809,54.63993210067899,0.2437512500625031,8,340550.84124999994
1567445970,0.2812484375781211,0.029406562508788626,6.946258737587375,2229.0863069346533,2731.176058072096,0.4347568156260155,28.25051997400161,55.570069900698996,0.2374987500624969,8,340550.84124999994
1567445986,0.2874984375781211,0.029662910165038626,6.835008262582626,2287.486306934653,2788.082308072097,0.4350009562510155,28.0630199740015,54.680066100661,0.2437487500624969,8,340477.07225
1567446002,0.3000040627031351,0.030347078266999287,6.817508262582626,2128.1213913820693,2668.4615393269664,0.4363640847447646,27.08645838541936,54.54006610066101,0.26250312515625784,8,340382.65362499986
1567446019,0.27500187509375473,0.02932148621591236,7.064974613261603,2428.688850692535,2892.1307609130463,0.4345119816415626,29.44322591129579,56.51979690609282,0.2250012500625031,8,340382.65362499986
1567446035,0.2937462501874906,0.029919056415343294,9.840000000000002,5670.448096657668,5744.277270198989,0.4361945174835984,46.58197340133064,78.72,0.2624968751562422,8,340382.65362499986
1567446051,0.2937521877656305,0.02991963503741505,12.832515437654376,7124.046136273881,7177.70926156643,0.4376613871283637,49.730934326780975,102.660123501235,0.2812512502500031,8,340477.07225
1567446068,0.29375218776563045,0.02991963503741505,15.6758981633306,7176.514510075239,7233.220662580396,0.4361904795339729,49.79966932731058,125.4071853066448,0.2562518752187547,8,340570.39575
1567446084,0.2875,0.0296630859375,17.472500000000004,6567.00625,6593.299999999997,0.43580322265625,51.96249999999935,139.78,0.25,8,340573.13837500004
1567446100,0.2937518750937547,0.02991962220181322,18.2837996484375,3921.47678758938,4246.962510000501,0.43702664533861457,34.41818997199742,146.26673281249995,0.2687515625781289,8,340573.4365
1567446116,0.30713892919638663,0.030468333629773907,17.583472506867047,1438.74712862418,1984.7369101787174,0.4366497836454283,27.21357796047976,140.66286686049193,0.2714253576606795,8,291592.28442857147
1567446132,0.2714207148928054,0.029003073444888658,14.579745068238552,1681.9117523315558,2278.8770224576747,0.43441841820088506,27.30843389868599,116.633047351464,0.22856500049995715,7,291556.97828571434
1567446148,0.2928657149286249,0.03007900676304967,12.019633125,2130.0265555450205,2689.7603459662714,0.4349663475383202,30.779203908629327,96.152385,0.2428635718928947,7,291556.97828571434
1567446164,0.3071342867855643,0.030663200442576987,9.872232153204244,2488.3986595092333,2972.199496735425,0.4354995959271862,33.06450537569084,78.97248222563394,0.2571357151784465,7,291556.97828571434
1567446180,0.292862500803692,0.029883415268986774,8.291660556042945,2210.0632980661385,2702.028078497489,0.4364840318263141,29.326784017603092,58.041623892300606,0.26429214382157323,7,345031.9388571429
1567446196,0.2785585752845575,0.029295582140090117,6.394249200730271,2399.76382371003,2877.290722783165,0.4352492487465814,31.096312534811286,44.759744405111896,0.23570357464189315,7,345031.9388571429
1567446213,0.2642946450898439,0.02871194221546458,7.147122914684562,2251.328391026328,2738.161383202944,0.4355972067096015,29.96852070160417,50.02986040279194,0.23572143035758936,7,345031.9388571429
1567446230,0.3071517879469867,0.03072087078689315,7.441428100216428,2192.692676740614,2720.418526060086,0.4397266709953158,29.139949273032517,52.089996701515005,0.264292858929018,7,344976.49000000005
1567446246,0.27142857160714284,0.02900390627008928,7.124285714285714,2104.807387001554,2643.285751473429,0.4346679739419643,28.44285529733924,49.87,0.2285714287142857,7,344966.5281428572
1567446262,0.2928553572321384,0.029882611617187,7.088571428571428,2150.203799452885,2652.9270418621923,0.4355995861618749,29.34343997085839,49.62,0.2499985714999965,7,344966.5281428572
1567446278,0.2785732147321741,0.029297075943083874,7.204275285818571,2202.103117241806,2713.087031432578,0.4358359455958095,29.649409139204,50.42992700073,0.2500014289285964,7,344997.49414285715
1567446295,0.2785714285714286,0.029296875,6.994285287298857,2041.1357142857144,2551.0285714285715,0.4350725446428571,28.192857142856997,48.95999701109199,0.2357142857142857,7,344997.49414285715
1567446311,0.2928571430357143,0.029882812520089286,6.938590771815437,2084.0427130664284,2573.5218524731617,0.4360909308350305,28.71427136946428,48.57013540270805,0.25714250016071344,7,464479.5762857142
1567446327,0.25713928589284824,0.028417566984373994,9.318585200137717,3728.260244844901,4010.6874092009693,0.43469663500641936,34.6367970887165,65.23009640096402,0.2214253573035634,7,464479.5762857142
1567446343,0.2928571430714285,0.029882812521554124,10.994281843171285,7536.256075845374,7435.419990824301,0.4372140307251675,53.03571532383765,76.959972902199,0.271428928767858,7,464472.7620000001
1567446360,0.27857142875,0.02929687502008928,13.678496343992267,7619.328200835695,7580.659622554971,0.4362305252140592,52.91426675205428,95.74947440794584,0.2500007144642875,7,345003.559
1567446376,0.27857500017858033,0.029492589305804576,17.240024743104573,7049.571965026823,7073.00262155965,0.43691337294264265,49.54208817583778,120.680173201732,0.2571471430714393,7,344984.6811428571
1567446392,0.2785750001785804,0.029492589305804576,17.69579094413002,3911.662829570049,4202.196015157901,0.4374713598263618,38.55622709706931,123.87053660891016,0.2642892858928661,7,464506.1268571429
1567446408,0.2857121429642803,0.02958962821948188,17.57565400297619,1787.3802899140755,2322.453584820759,0.4350485168263909,26.5506188976266,123.02319166666666,0.2428553572321384,7,464511.2295714285
1567446424,0.2857100004285286,0.029589412710514663,15.725942463698775,1563.5092712157355,2110.457429257074,0.4351639877864892,24.872687731227003,110.07769044033589,0.2428535717856785,7,541399.6359999999
1567446441,0.26666666666666666,0.0291015625,13.618937860524175,1238.1583333333333,1901.725,0.4383056640625,15.964285714284024,95.32848835700251,0.225,6,541399.6359999999
1567446457,0.2833333333333333,0.02978515625,9.400840715322232,1510.575,2154.933333333333,0.4398844401041667,17.528571428570107,65.80237983199684,0.25,6,541399.6359999999
1567446473,0.29167166716671666,0.0298344873549855,5.833661547030031,2391.149959162583,2906.892871787179,0.4360423949295971,29.33457202863204,40.83313749587689,0.25833750041670833,6,541437.3806666667
1567446489,0.2583312501041615,0.02846656251171816,5.6432916185017685,1957.4918533240009,2481.244734013299,0.4344202186863313,27.65774639839423,33.8597497110106,0.2166650000833292,6,541437.3806666667
1567446505,0.2833354167708385,0.02949242188671933,5.7733333333333325,1783.025445855626,2284.971574412054,0.4355260682956023,29.249309965498576,34.64,0.24166833341667085,6,541437.3806666667
1567446521,0.275,0.029150390625,5.783333333333332,2079.808333333333,2577.825,0.4350260416666667,30.633333333332946,34.7,0.2333333333333333,6,541437.3806666667
1567446538,0.2749829212694785,0.02914864792515663,6.286676883435501,2024.419898410591,2519.3529014807723,0.4350495566599432,30.304881209378422,37.720061300613004,0.2333191704988712,6,541437.3806666667
1567446554,0.2750150047096837,0.02915189989027255,6.806653733923992,2195.277663296044,2667.524283323061,0.4363257886387661,31.60426078802813,40.839922403543945,0.2500175054182421,6,541437.3806666667
1567446570,0.2666662502291656,0.0288085766844482,6.488355867117343,2119.0657723135605,2615.0393782738274,0.4347737393756713,31.63333243175041,38.93013520270407,0.2249995835208323,6,541437.3806666667
1567446586,0.3,0.03017578125,6.601725402023411,1992.2166666666665,2464.0916666666667,0.43589680989583335,30.42499999999943,39.61035241214047,0.25833333333333336,6,402022.33533333335
1567446602,0.26666458343749483,0.028808359386718163,6.665010866775334,2056.3333420828963,2561.8864219289035,0.4344690521007804,30.359034548272835,39.990065200652005,0.2249983334166625,6,541407.9048333333
1567446618,0.2666687501041719,0.028808828136719325,6.998288135141263,2395.655749870827,2844.333213744021,0.4354528574410491,33.09106747004058,41.989728810847566,0.2333354167708385,6,541368.0071666667
1567446634,0.3000020834375052,0.03040388022005266,9.763333333333334,5358.122416537492,5186.924880410687,0.4365270761910491,46.891067470041286,58.58,0.2583354167708385,6,541351.831
1567446651,0.2750025001250063,0.02915064210241762,13.276666567951679,7248.630999049952,6635.51015967465,0.4379023992703542,51.28292581295615,79.65999940771006,0.2666687501041719,6,541384.1215
1567446669,0.28333083345832705,0.029491936047728862,16.079973883594494,7322.736788160591,6699.215521307268,0.4393029758505565,50.108756645501906,96.47984330156694,0.2916641667916604,6,541384.1215
1567446685,0.2833333333333333,0.029622395833333325,17.703303733629326,6448.5666666666675,6114.233333333334,0.44297688802083335,53.97499999999771,106.21982240177596,0.29166666666666663,6,541418.1711666667
1567446701,0.275,0.029052734375,18.221637066962664,2964.266666666667,3336.575,0.4415364583333334,29.941666666664638,109.32982240177596,0.275,6,302079.0018333333
1567446717,0.2833333333333333,0.0294921875,17.94342173598541,2010.65,2524.9,0.4354817708333333,29.86666666666603,107.66053041591246,0.2416666666666667,6,302079.0018333333
1567446733,0.2750025001250063,0.02915064210241762,15.21,2162.9851030051504,2658.991302481791,0.4352900835959767,31.382631631581077,91.26,0.2333354167708385,6,316240.71566666674
1567446749,0.30000250012500623,0.030176032727417618,12.13319717312017,2151.2101030051504,2618.6663024817913,0.4361934039084767,31.124298298248547,72.79659314288769,0.2583354167708385,6,316224.5395
1567446765,0.28,0.02935546875,9.46056875,1098.35,1773.06,0.435400390625,15.174298298250553,56.76152722222222,0.24,6,378884.0112
1567446782,0.3,0.03017578125,7.064284976851853,969.37,1635.47,0.436142578125,15.64096496491414,42.383653194444435,0.26,5,378884.0112
1567446798,0.2799970001499925,0.029355167007274637,4.915061355642723,1410.3837338133096,2051.2073016349177,0.43530815011983776,18.175017428957954,29.48862146718967,0.2399975001249937,5,378884.0112
1567446814,0.2699970001499925,0.02894501075727464,4.774039361193612,1890.2901479926002,2361.9638168091597,0.4364311999243788,30.00833534639602,28.642706167161673,0.2499975001249937,5,378903.4226000001
1567446830,0.30000600060006,0.0301763848259826,5.207999999999998,2107.525778577857,2538.538199819982,0.4359364129772352,33.60834883488407,26.04,0.26000500050005,5,378898.921
1567446846,0.28000600060006003,0.0293560723259826,5.34,2189.7857785778574,2618.8381998199816,0.4353602411022353,33.91834883488401,26.7,0.24000500050005,5,329055.2527999999
1567446862,0.28,0.02935546875,5.5020000000000024,2278.41,2718.02,0.43587890625,34.999999999999545,27.51,0.24,5,329055.2527999999
1567446878,0.2799970001499925,0.02962860450727464,6.5020128801288015,2462.101540922954,2877.656055697215,0.4351128410376357,35.930791460426825,32.510064400644005,0.22999750012499376,5,329040.3429999999
1567446895,0.27000250012500626,0.028945593764063207,7.355999999999999,2533.435322266113,2939.521591579579,0.4350922194547228,36.2591889594482,36.78,0.23000200010000504,5,329082.28819999995
1567446911,0.29,0.0300390625,7.781999999999999,2496.61,2875.44,0.4352734375,36.410000000000316,38.91,0.24,5,329092.07059999986
1567446927,0.29,0.0300390625,10.012,3781.41,4000.49,0.437001953125,36.409999999999854,50.06,0.26,5,329126.662
1567446943,0.27,0.0289453125,11.348,7117.09,6809.31,0.435517578125,49.02999999999975,56.74,0.23,5,329126.662
1567446959,0.28,0.02935546875,13.765999999999998,7361.87,7050.04,0.437021484375,50.27999999999928,68.83,0.26,5,252287.0092
1567446975,0.2699970001499925,0.02894501075727464,16.774,6851.543299835009,6661.466348682568,0.4367533869400279,48.52053597320132,83.87,0.2499965001749913,5,252287.0092
1567446992,0.2999970001499925,0.030175479507274637,18.43,5294.223299835008,5278.506348682566,0.4391752619400279,43.110535973199184,92.15,0.29999650017499124,5,252287.0092
1567447008,0.27000250012500626,0.0292190312640632,18.137999999999998,2814.506484824241,3177.851418570929,0.4364789430877794,38.72920146007257,90.69,0.240002000100005,5,252336.899
1567447024,0.28,0.02935546875,16.95978989260644,2010.07,2514.01,0.435341796875,33.04999999999973,84.79894946303222,0.24,5,252336.89899999998
1567447040,0.28,0.02935546875,15.222,2260.28,2751.21,0.435654296875,34.789999999999964,76.11,0.24,5,252336.899
1567447056,0.25,0.028125,11.835976720232795,1989.62,2490.07,0.43443359375,33.05000000000064,59.179883601163986,0.21,5,178186.67119999995
1567447072,0.275,0.029150390625,7.784607166666666,1256.825,1783.3874999999994,0.4359619140625,25.5200000000018,38.919846666666665,0.2375,5,134236.0164
1567447089,0.2875,0.0296630859375,5.2144351944444445,627.4499999999998,1307.5500000000004,0.4362548828125,13.200000000001635,26.070411527777768,0.25,4,166882.16525
1567447105,0.2625,0.0286376953125,4.4760238333333335,766.3625,1381.0,0.43541259765625,17.19000000000051,22.378740694444453,0.225,4,166882.16525
1567447121,0.275,0.029150390625,4.239902550259681,1942.775,2372.2125,0.435546875,33.080000000000375,21.198266084631747,0.2375,4,166882.16525
1567447137,0.275,0.029150390625,3.90009875,2229.8,2661.8125,0.4354736328125,38.52500000000021,19.49934375,0.2375,4,166882.16525
1567447153,0.2875,0.0296630859375,4.670011775117752,2243.4375,2656.475,0.4362060546875,39.325000000000045,18.680047100471004,0.25,4,166909.46875
1567447169,0.275,0.029150390625,5.4975,2110.05,2543.3250000000007,0.4351318359375,38.624999999999545,21.99,0.225,4,166909.46875
1567447185,0.27499625018749063,0.029150013446593293,6.355,2336.0791172941354,2748.0971101444925,0.4357001296663682,39.313501199940355,25.42,0.2374968751562421,4,166909.46875
1567447201,0.2750031251562578,0.029150742205079006,6.96,2221.3149269963496,2663.710225511276,0.43600396328410174,38.73646682334032,27.84,0.23750250012500626,4,166802.867
1567447218,0.2625,0.0286376953125,7.55,2478.9,2846.4,0.4353515625,42.58749999999964,30.2,0.225,4,166752.63275000002
1567447234,0.275,0.029150390625,9.52,3790.7625,4121.0,0.43577880859375,40.287499999998886,38.08,0.2375,4,166725.32924999998
1567447250,0.275,0.029150390625,10.97,5268.5875000000015,5496.55,0.4365966796875,37.6499999999993,43.88,0.25,4,166735.80325
1567447266,0.2625,0.0286376953125,12.059967900320995,4669.3,5015.1875,0.4342529296875,34.187500000001585,48.23987160128399,0.2125,4,166763.10675
1567447283,0.2875,0.0296630859375,12.644967900320994,3703.525000000001,4189.825,0.4353759765625,28.562499999997613,50.579871601283976,0.2375,4,166763.10675
1567447299,0.2625,0.0286376953125,13.3525,3291.4875,3816.7,0.43427734375,25.34999999999741,53.41,0.2125,4,120941.5405
1567447315,0.275,0.029150390625,13.34,2594.8125,3196.7375,0.43515625,20.125000000000455,53.36,0.225,4,104297.84824999998
1567447331,0.27499687515624216,0.02915003908007725,10.6475,1492.1873168841555,2159.053912929354,0.4349066848415392,16.263635568220728,42.59,0.22499750012499373,4,104348.0825
1567447347,0.2624968751562422,0.02863734376757725,8.065,623.4998168841557,1289.0789129293535,0.4362494582790392,10.376135568224663,32.26,0.2374975001249937,4,104348.0825
1567447363,0.3000037501875093,0.03017615846612643,6.482512650126501,228.30285201760086,905.2113274413721,0.4366631521273329,6.598799939993834,25.930050600506004,0.26250312515625784,4,104348.0825
1567447380,0.3000037501875093,0.03061561159112643,4.467268900126501,235.92785201760086,927.0988274413721,0.4425713552523329,7.036299939997133,17.867873100506007,0.26250312515625784,4,138177.3553333333
1567447396,0.3,0.03076171875,2.3180339583333334,234.2,920.6666666666664,0.4447102864583333,7.036299939996562,9.27143875,0.26666666666666666,4,138177.3553333333
1567447412,0.2833333333333333,0.0294921875,0.7860075,237.23333333333332,940.2,0.4364583333333333,6.773799939998792,3.1437137500000003,0.25,3,125840.62266666663
1567447428,0.2999958335416562,0.030175312523436325,0.20534458333333333,227.6462368548239,900.8018249087546,0.43700450312770817,6.5500005049690415,0.8213416666666666,0.2666633334999917,3,125840.62266666663
1567447444,0.26666666666666666,0.02880859375,0.05120416666666667,236.21666666666667,922.9166666666667,0.434375,7.06129993999654,0.2047766666666667,0.21666666666666667,3,125822.84166666667
1567447460,0.2666708335416771,0.028809062523438674,0.05,230.03707435371768,906.4476448822444,0.4368561795602801,7.648399919996238,0.15000000000000002,0.2500033335000084,3,125822.84166666667
1567447476,0.3,0.03017578125,0.04999983333499999,235.23333333333332,932.5333333333333,0.4380696614583333,7.733333333333121,0.14999950000499995,0.2833333333333333,3,125573.81866666664
1567447492,0.2833333333333333,0.0294921875,0.05,223.63333333333333,903.65,0.4362467447916665,7.466666666667455,0.15000000000000002,0.25,3,125573.81866666664
1567447508,0.2833333333333333,0.0294921875,0.05,236.05,932.6833333333333,0.4361490885416667,7.799999999998211,0.15000000000000002,0.25,3,125573.81866666664
1567447525,0.2999950002499875,0.030631007512124393,0.05,227.29641017949103,905.6029223538825,0.4361418379276348,6.051604086463286,0.15000000000000002,0.24999583354165625,3,125573.81866666664
1567447541,0.2833333333333333,0.0294921875,0.05,218.2,867.6999999999997,0.4352376302083333,3.9333333333335454,0.15000000000000002,0.2333333333333333,3,125573.81866666664
1567447557,0.3000050002500125,0.030176284204835237,0.0499996666733332,221.47044018867612,876.8813223994533,0.43596103633306665,3.9484015867458218,0.1499990000199996,0.2500041668750104,3,15978.936666666665
1567447573,0.2833383335833459,0.029492690454835244,0.05000016666833335,229.8704401886761,914.14798906612,0.43522861445806665,4.1650682534157015,0.15000050000500004,0.23333750020834376,3,15993.429666666667
1567447589,0.2833333333333333,0.0294921875,0.05,231.85,913.1166666666667,0.435205078125,4.233333333333273,0.15000000000000002,0.2333333333333333,3,15993.429666666667
1567447605,0.3,0.03017578125,0.05,215.66666666666669,860.6833333333333,0.4354329427083333,3.9499999999983024,0.15000000000000002,0.25,3,15993.429666666667
1567447621,0.26666666666666666,0.02880859375,0.05,229.73333333333332,916.8166666666667,0.43430989583333335,4.216666666667758,0.15000000000000002,0.21666666666666667,3,15993.429666666667
1567447637,0.2999941669583188,0.030175244167479125,0.05,222.4464776761162,892.5360356982152,0.4355070487035544,4.068268253254857,0.15000000000000002,0.2499950002499875,3,15993.429666666667
1567447654,0.2833275002916521,0.029491650417479125,0.05000033334000013,225.9464776761162,912.3860356982152,0.4347420747452211,4.101601586583612,0.1500010000200004,0.2333283335833209,3,15993.429666666667
1567447670,0.2833375002083437,0.02949265627343867,0.05,216.4369235128424,866.4809298798274,0.4351960200549089,3.915066586664025,0.15000000000000002,0.2333366668333417,3,15993.429666666667
1567447686,0.3,0.03017578125,0.05,227.3333333333333,913.7166666666667,0.43553059895833335,4.216666666670791,0.15000000000000002,0.25,3,3263.867
1567447702,0.26666666666666666,0.02880859375,0.05,252.96666666666667,994.25,0.4347005208333333,5.233333333329331,0.15000000000000002,0.21666666666666667,3,3263.867
1567447719,0.26666666666666666,0.02880859375,0.04652372222388888,252.96666666666667,994.25,0.4347005208333333,5.233333333329331,0.13955700000499996,0.21666666666666667,3,3415.0365
1567447734,0.26666666666666666,0.02880859375,0.04430902777777778,244.16666666666663,946.8166666666667,0.4346516927083333,4.966666666665182,0.13291833333333333,0.21666666666666667,2,3415.0365
1567447751,0.275,0.029150390625,0.04202027777777778,234.325,950.5,0.4351318359375,5.28333333333876,0.12605166666666667,0.225,2,3415.0365
1567447767,0.275,0.029150390625,0.039789861111111116,228.275,918.375,0.4352783203125,5.183333333328998,0.11936041666666668,0.225,2,3415.0365
1567447783,0.25,0.028125,0.03755652777777778,218.45,882.9000000000003,0.4334716796875,5.016666666666271,0.11266083333333335,0.2,2,3415.0365
1567447799,0.275,0.029150390625,0.05,222.525,907.8,0.434326171875,4.000000000005457,0.1,0.225,2,3133.249000000001
1567447816,0.3,0.03017578125,0.05000025000250002,225.825,911.3,0.43544921875,4.150000000004184,0.10000050000500003,0.25,2,3133.249000000001
1567447832,0.25,0.028125,0.05,230.025,928.4,0.43408203125,4.424999999994268,0.1,0.2,2,2989.9995
1567447848,0.3,0.03017578125,0.05,214.95,869.575,0.435888671875,3.875000000007277,0.1,0.25,2,2989.9995
1567447864,0.25,0.028125,0.04999800012499138,230.275,936.975,0.4345947265625,4.19999999999618,0.0999960002499828,0.2,2,2989.9995
1567447880,0.275,0.029150390625,0.049999750002499975,225.025,916.275,0.435546875,4.1249999999990905,0.09999950000499996,0.225,2,2989.9995
1567447896,0.3,0.03017578125,0.05,230.625,931.95,0.436572265625,4.249999999999545,0.1,0.25,2,2989.9995
1567447912,0.25,0.028125,0.05,216.275,863.475,0.4343994140625,3.800000000003365,0.1,0.2,2,2984.405
1567447928,0.275,0.029150390625,0.05,230.15,920.75,0.4355712890625,4.1749999999956335,0.1,0.225,2,2984.405
1567447945,0.3,0.030859375,0.05,226.175,909.65,0.4356689453125,4.0249999999991815,0.1,0.225,2,2929.992
1567447964,0.275,0.029150390625,0.050002000125008585,216.575,879.225,0.43583984375,3.875000000002729,0.10000400025001717,0.225,2,2929.992
1567447980,0.3,0.03017578125,0.05000025000250002,221.525,905.575,0.436474609375,4.024999999996909,0.10000050000500003,0.25,2,2935.5865
1567447996,0.275,0.029150390625,0.05,227.35,926.125,0.4353515625,4.1749999999956335,0.1,0.225,2,2935.5865
1567448012,0.275,0.029150390625,0.05,228.625,941.125,0.4353759765625,4.225000000001273,0.1,0.225,2,2958.3965
1567448028,0.25,0.028125,0.05,213.075,865.45,0.434326171875,3.9250000000060936,0.1,0.2,2,2958.3965
1567448044,0.275,0.029150390625,0.05,218.75,886.2249999999997,0.4351806640625,4.124999999992268,0.1,0.225,2,2958.3965
1567448060,0.25,0.028125,0.044286875,217.2,861.925,0.4343017578125,3.9749999999980896,0.08856416666666668,0.2,1,2995.743
1567448076,0.25,0.028125,0.040955000000000005,222.1,869.3,0.435107421875,3.9749999999980896,0.0819,0.2,1,2995.743
1567448092,0.3,0.03017578125,0.16256791666666667,216.95,876.55,0.4369140625,3.9250000000060936,0.3251208333333333,0.25,1,2995.743
1567448109,0.25,0.028125,0.15915520833333333,1818.3,2543.85,0.43564453125,9.624999999994088,0.3182979166666667,0.2,1,2995.743
1567448125,0.25,0.028125,2.2299999999999995,2789.9,3554.25,0.434912109375,23.500000000003638,2.2299999999999995,0.2,1,2995.743
1567448141,0.3,0.03017578125,4.22,2816.5,3493.1,0.4369140625,23.500000000003638,4.22,0.25,1,2995.743
1567448157,0.3,0.03017578125,6.48,2816.5,3493.1,0.4369140625,23.500000000003638,6.48,0.25,1,2915.5609999999997
1567448173,0.25,0.028125,10.31,4695.45,5271.25,0.4341796875,34.399999999986896,10.31,0.2,1,2915.561
1567448190,0.3,0.03017578125,10.31,5572.75,6029.0,0.436572265625,42.00000000000728,10.31,0.25,1,2915.5609999999997
1567448228,0.25,0.028125,16.04,6546.1,6725.8,0.441015625,49.09999999999855,16.04,0.3,1,2915.561
1567448244,0.3,0.03017578125,19.27,7565.45,7737.65,0.4373046875,53.40000000000146,19.27,0.25,1,2915.5609999999997
1567448261,0.25,0.028125,22.13,7949.75,8104.95,0.442626953125,55.049999999991996,22.13,0.3,1,2915.561
1567448277,0.25,0.028125,23.38,7949.75,8104.95,0.442626953125,55.049999999991996,23.38,0.3,1,2916.3459999999995
1567448293,0.3,0.03017578125,25.82,8767.8,8936.9,0.4373046875,58.65000000001602,25.82,0.25,1,2916.3459999999995
1567448309,0.25,0.028125,25.82,9691.7,9471.4,0.442041015625,67.74999999999636,25.82,0.3,1,2916.3459999999995
1567448325,0.3,0.03017578125,28.36,9794.85,9537.2,0.44091796875,67.19999999999345,28.36,0.3,1,2916.3459999999995
1567448342,0.25,0.028125,29.22,9503.85,9442.4,0.4390625,63.75,29.22,0.25,1,2916.3459999999995
1567448358,0.25,0.028125,30.45,9503.85,9442.4,0.4390625,63.75,30.45,0.25,1,2998.731
1567448374,0.3,0.03017578125,32.22000000000001,9835.75,9694.35,0.442041015625,68.45000000001164,32.22,0.3,1,2998.7309999999998
1567448390,0.25,0.028125,32.22,10252.4,9657.95,0.439697265625,77.19999999999345,32.22,0.25,1,2998.731
1567448407,0.3,0.03017578125,30.0,2493.6,2388.25,0.4408203125,98.40000000000146,30.0,0.3,1,3052.225
1567448423,0.25,0.028125,25.58,7274.5,7264.0,0.43837890625,88.54999999999563,25.58,0.25,1,3052.225
1567448439,0.25,0.028125,27.04,7274.5,7264.0,0.43837890625,88.54999999999563,27.04,0.25,1,3092.1009999999997
1567448455,0.3,0.03017578125,27.41,11578.3,11325.2,0.4412109375,75.69999999999709,27.41,0.3,1,3092.101
1567448472,0.25,0.028125,28.07,11301.25,11141.65,0.439697265625,74.950000000008,28.07,0.25,1,3092.1009999999997
1567448488,0.3,0.03017578125,28.07,8958.35,8155.1,0.4419921875,86.70000000000074,28.07,0.3,1,3092.101
1567448504,0.25,0.028125,26.66,1948.2,1895.35,0.440234375,100.0,26.66,0.25,2,3092.1009999999997
1567448520,0.25,0.028125,26.05,1948.2,1895.35,0.440234375,100.0,26.05,0.25,2,3296.459000000001
1567448537,0.3,0.03017578125,19.97,1922.9,1920.65,0.4412109375,100.0,19.97,0.3,2,4269.054
1567448553,0.25,0.028125,14.71,1649.45,1596.4,0.439453125,99.84999999998765,14.71,0.25,2,21242.686
1567448569,0.35,0.03359375,14.71,2209.7,5054.225,0.43525390625,74.85000000000002,14.71,0.275,2,21242.686
1567448601,0.3,0.0310546875,4.471859583333334,1894.125,3153.35,0.446728515625,67.67500000000001,8.945170833333334,0.25,2,13264.3605
1567448618,0.325,0.032568359374999994,4.934224166666667,2064.575,2375.350000000001,0.435888671875,58.44999999999999,9.869676666666667,0.25,2,51905.098
1567448634,0.3,0.03017578125,5.311564583333333,1978.925,2295.35,0.4371826171875,58.17500000000002,10.624320833333332,0.275,2,51905.098
1567448650,0.25,0.028125,5.804100208333333,2127.600000000001,2396.3,0.4345947265625,58.79999999999999,11.6103725,0.225,2,51914.6005
1567448666,0.3,0.030859375,6.194980729166666,2169.45,2463.925,0.4355712890625,59.025,12.391157708333333,0.25,2,51914.6005
1567448682,0.275,0.029833984375,6.769715916666668,2189.6,2475.325,0.4344970703125,59.025,13.540680333333334,0.225,2,84707.037
1567448698,0.3,0.030859375,7.05,2182.875,2461.425,0.43623046875,58.97500000000001,14.1,0.25,2,84707.037
1567448715,0.275,0.029150390625,7.4049999999999985,2016.325,2292.5,0.435888671875,59.14999999999999,14.81,0.25,2,84855.567
1567448731,0.25,0.028125,11.595,7277.575000000003,6975.275,0.4350830078125,70.95000000000148,23.19,0.225,2,84855.567
1567448747,0.3,0.03017578125,14.235,10796.15,9993.6,0.441015625,71.62500000000179,28.47,0.325,2,84855.567
1567448763,0.275,0.029150390625,19.445,10094.175,9374.7,0.4399658203125,71.92499999999924,38.89,0.3,2,84855.567
1567448779,0.25,0.028125,20.72,9194.375,8626.45,0.437060546875,65.74999999999925,41.44,0.25,2,84855.567
1567448795,0.275,0.029150390625,21.0,2685.325,2792.625,0.4361572265625,60.250000000000774,42.0,0.25,2,84836.992
1567448811,0.3,0.030859375,20.72,1968.05,2209.625,0.4366943359375,57.975,41.44,0.25,2,84836.992
1567448828,0.275,0.029150390625,19.195,1920.575,2123.025,0.4366455078125,57.54999999999996,38.39,0.25,2,84836.992
1567448844,0.25,0.028125,13.8,1921.025,2128.1,0.435693359375,57.54999999999996,27.6,0.225,3,84836.992
1567448860,0.275,0.029833984375,8.69,2153.925,2396.3,0.435400390625,59.250000000000036,17.38,0.225,3,84836.992
1567448877,0.3,0.03017578125,7.395,1931.4,2212.775,0.4371337890625,58.52499999999999,14.79,0.275,3,84836.992
1567448926,0.275,0.029150390625,5.475376388888887,2263.05,2528.45,0.4370361328125,59.59999999999993,16.427866666666667,0.25,3,97443.04066666668
1567448944,0.3333333333333333,0.032454427083333334,5.878171388888887,2014.6333333333328,2335.35,0.435107421875,45.39999999999996,17.635913333333328,0.26666666666666666,3,97443.04066666668
1567448960,0.26666666666666666,0.02880859375,6.1476505092592575,2006.416666666667,2406.2,0.43406575520833335,44.75000000000003,18.444179444444444,0.2333333333333333,3,98000.22933333337
1567448977,0.2833333333333333,0.0294921875,6.557350590277778,2358.6,2778.516666666667,0.43484700520833336,46.08333333333332,19.673396979166668,0.25,3,98000.22933333337
1567448993,0.31666666666666665,0.030859375,7.0103641446831135,2556.05,2990.1166666666663,0.436083984375,47.166666666666615,21.03252993404934,0.2833333333333333,3,97913.59266666666
1567449009,0.2833333333333333,0.030403645833333333,7.486666666666667,2368.0666666666666,2763.416666666666,0.4335123697916666,46.20000000000002,22.46,0.21666666666666667,3,97913.59266666666
1567449025,0.2999941669583188,0.030175244167479125,8.61,5557.403078179425,5571.39424778761,0.43552337438466615,53.31786910654441,25.83,0.26666166691665416,3,97913.59266666666
1567449042,0.2500041668750104,0.028125468773438668,13.12,8453.662785639282,8276.712615630782,0.4337636828130469,57.79933580012236,39.36,0.216670000166675,3,98000.22933333337
1567449058,0.3,0.03017578125,16.14333333333333,8989.183333333332,8735.683333333332,0.439501953125,61.083333333332426,48.42999999999999,0.3166666666666667,3,98000.22933333337
1567449074,0.3,0.03017578125,18.92,8505.333333333334,8216.050000000001,0.4357096354166667,52.44999999999877,56.76000000000001,0.25,3,98000.22933333337
1567449090,0.26666666666666666,0.02926432291666666,19.033333333333328,3365.8,3600.516666666667,0.43427734375,52.13333333333333,57.10000000000001,0.21666666666666667,3,98000.22933333337
1567449106,0.31666666666666665,0.030859375,18.866666666666667,2099.483333333333,2513.8166666666666,0.43626302083333335,44.61666666666664,56.6,0.2833333333333333,3,97706.26366666668
1567449123,0.2833333333333333,0.029947916666666668,17.836666666666666,2282.116666666667,2685.5666666666666,0.435400390625,45.466666666666576,53.51,0.2333333333333333,3,98913.15633333336
1567449139,0.3,0.030631510416666667,14.826666666666664,2409.833333333333,2799.7166666666667,0.4357747395833333,46.63333333333331,44.48,0.25,3,98913.15633333336
1567449155,0.26666166691665416,0.028808090845457726,10.53,2277.070154825592,2657.2382564205122,0.43469316198903596,45.716666666666725,31.59,0.2333283335833209,3,98913.15633333336
1567449171,0.2666708335416771,0.028809062523438667,8.469999999999999,2373.9322932813307,2757.747224027868,0.4344962544351176,46.1,25.41,0.2333375002083438,3,98913.15633333336
1567449187,0.31666666666666665,0.03131510416666666,7.563333333333333,2173.7166666666667,2586.25,0.436279296875,45.31666666666666,22.69,0.26666666666666666,3,98743.79400000002
1567449203,0.26666666666666666,0.02926432291666666,7.466666666666668,1995.966666666667,2404.2166666666667,0.434326171875,44.59999999999993,22.4,0.21666666666666667,3,98743.79400000002
1567449219,0.2833333333333333,0.0294921875,7.523333333333332,2266.75,2654.933333333333,0.4357096354166666,45.76666666666677,22.57,0.25,4,153714.54600000006
1567449236,0.2833333333333333,0.0294921875,7.27,2146.2333333333336,2511.833333333333,0.43561197916666666,44.59999999999999,21.81,0.25,4,98743.79400000002
1567449252,0.2875,0.0303466796875,7.303333333333334,2350.6375000000007,4310.8125,0.4322509765625,52.26249999999999,21.91,0.2125,4,139246.86266666668
1567449284,0.25,0.028125,6.343298541666668,2600.375,3025.025,0.4328857421875,40.64999999999999,25.37474666666667,0.2125,4,105220.1595
1567449300,0.3125,0.0313720703125,6.515649427083333,2045.7875,2455.1625,0.43470458984375,37.17499999999994,26.06385333333333,0.25,4,105167.42025
1567449317,0.275,0.029150390625,7.174979166666668,2405.7875,2812.2875,0.4341064453125,40.237500000000026,28.702466666666666,0.2375,4,105874.32225
1567449333,0.2625,0.0289794921875,9.987666666666668,5794.375,5763.15,0.4333251953125,50.58749999999989,39.95636666666667,0.2125,4,105874.32225
1567449349,0.3375,0.0323974609375,12.024659270833334,8046.1875,7836.5125,0.43614501953125,53.56250000000145,48.101079999999996,0.275,4,105874.32225
1567449365,0.275,0.0294921875,15.818263854166664,8402.7375,8170.45,0.4349853515625,56.112500000001326,63.2763575,0.2375,4,105908.7015
1567449381,0.27499687515624216,0.02915003908007725,17.987499999999994,7640.874967501625,7518.592109144543,0.4358344540048388,52.838056222190254,71.94999999999997,0.2499975001249937,4,109556.841
1567449397,0.26250312515625784,0.028638046892579008,18.055,2660.0007662883145,3022.5079916495824,0.4377007980037674,36.386449947496274,72.22,0.2750037501875094,4,109556.841
1567449414,0.3125,0.0310302734375,17.724999999999994,2027.5375,2447.1375,0.4356201171875,36.80000000000007,70.9,0.2625,4,109556.841
1567449430,0.30000000000000004,0.030517578125000007,16.8825,1987.1125,2415.1125,0.436962890625,36.69999999999997,67.53,0.275,4,109557.82425000002
1567449449,0.275,0.0294921875,12.94489897803066,2241.8375,2643.5875,0.4345947265625,38.63749999999993,51.77959591212265,0.225,4,109557.82425000002
1567449465,0.325,0.03154296875,9.32,2231.8875000000007,2718.8375,0.43636474609375,38.82500000000004,37.28,0.275,4,105909.68475
1567449481,0.275,0.029150390625,6.9775,2269.9625,2703.3875,0.43656005859375,38.28750000000007,27.91,0.2625,4,105919.45425
1567449497,0.2999956252187391,0.030517175313109345,7.067499999999999,2379.7172003899805,2814.8575889955505,0.43561466641023416,39.51350494975253,28.27,0.2499962501874906,4,105899.06650000002
1567449514,0.2874918754062297,0.02966230594720264,7.212499999999999,2053.0438253087345,2481.9899086295677,0.4354993706613497,37.30207114644273,28.85,0.2499931253437328,4,105899.06650000002
1567449530,0.2749937506249375,0.02914968757030547,7.172499999999999,2308.2707804219576,2712.802534746525,0.4350966124090716,38.839593540645815,28.69,0.23749500049995004,4,105899.06650000002
1567449546,0.2750112516877532,0.029151522386561112,7.350052951588548,2309.4349596189427,2742.376391458719,0.4345377703872378,38.82184390158535,29.400211806354193,0.2375093764064609,5,105889.29699999999
1567449562,0.2750031251562578,0.029150742205079006,7.2349999999999985,2327.907567878394,2782.600954422721,0.4349297054696485,39.511503700185095,28.94,0.23750250012500626,5,105889.297
1567449579,0.275,0.029150390625,7.32,2311.4125,2767.3625,0.4353515625,38.90000000000004,29.28,0.2375,5,105889.29699999999
1567449595,0.27499687515624216,0.02915003908007725,7.362499999999999,2447.6181084695772,2893.93646442678,0.43530954006498895,39.4260143242836,29.45,0.2374975001249937,5,105889.297
1567449611,0.2875,0.0296630859375,7.56,2478.3875000000007,2904.6000000000013,0.4355224609375,40.174999999999905,30.24,0.25,5,105899.06650000002
1567449643,0.25,0.028125,10.61556156358353,6677.0125,6671.1125,0.4327514648437501,45.66250000000309,53.08347031791765,0.2,5,85277.73440000003
1567449659,0.3199985003249963,0.031816317415380636,12.857572863855527,6796.776576746791,6758.647249036818,0.43379885394609385,46.66994144812256,64.29220556927764,0.2499995002249988,5,84839.7972
1567449676,0.2900025001250062,0.030039343764063205,15.315479333333332,6762.740258512926,6671.079552977649,0.43481876339910747,47.67946547327129,76.58305916666667,0.25000250012500624,5,84881.4884
1567449692,0.2799975001249937,0.0293551875140618,17.203298611111116,5384.126362681865,5425.87424478776,0.4365874718959365,42.20068496575196,86.02097638888891,0.269998000099995,5,64401.22800000003
1567449708,0.2900030001500075,0.029765926772901144,17.348342145833332,2768.372768138407,3142.117711885594,0.4353754264861681,38.11917295864792,86.74695593749998,0.26000250012500625,5,64401.22800000003
1567449725,0.3000030001500075,0.030722958022901144,16.55,2256.812768138407,2713.8577118855937,0.4348969108611681,34.409172958647964,82.75,0.25000250012500624,5,51893.12000000001
1567449741,0.29,0.0300390625,13.576025700257,2244.97,2704.16,0.435400390625,34.930000000000035,67.88012850128501,0.25,5,64401.22800000003
1567449757,0.26,0.02853515625,11.890048480484806,2221.8,2684.35,0.4340234375,34.25999999999989,59.450242402424024,0.23,5,64401.22800000003
1567449773,0.28,0.02935546875,9.495963240367596,2363.24,2810.05,0.4351953125,34.89999999999993,47.47981620183798,0.25,5,84902.954
1567449790,0.29,0.02935546875,7.799967920320796,2390.46,2821.48,0.434287109375,35.32000000000005,38.99983960160397,0.24,5,84902.954
1567449806,0.27,0.0289453125,7.3260000000000005,2175.4300000000007,2618.1800000000007,0.4337109375,34.08000000000004,36.63,0.23,5,84902.954
1567449822,0.27,0.02921875,7.457999999999997,2282.620000000001,2710.6,0.433916015625,34.489999999999924,37.29,0.22000000000000008,5,84881.4884
1567449838,0.31,0.0312109375,7.357928203589821,2244.01,2657.1600000000008,0.440283203125,34.27000000000004,36.7896410179491,0.26,5,15267.131199999998
1567449855,0.28,0.02962890625,7.2520000000000024,2190.99,2619.71,0.434033203125,34.18000000000001,36.26,0.23,5,105904.1308
1567449872,0.27,0.02921875,7.224014660146601,2169.0,2594.57,0.43390625,33.940000000000026,36.030143601436016,0.22,5,105864.64440000002
1567449888,0.2799970001499925,0.029355167007274637,7.178028560285603,2315.0634223288835,2727.596191690416,0.434497608615663,34.55081845907715,35.890142801428006,0.2399975001249937,5,105864.64440000002
1567449904,0.2900025001250062,0.0297659062640632,7.2360000000000015,2320.9974393719685,2773.6549317465874,0.4349164299035264,34.86918345917302,36.18,0.250002000100005,6,105864.64440000002
1567449921,0.2699975001249938,0.0289450312640618,8.136000000000001,2766.49005699715,3169.4745002749864,0.4349761178933241,29.70080995950361,40.68,0.2399975001249937,6,105864.64440000002
1567449937,0.2600005002750013,0.028535176786962938,9.896102605130256,6009.015130781562,5936.661932835506,0.43504887787580576,50.65005744542678,49.480513025651284,0.2400010002500025,6,105867.4564
1567449969,0.2833358334583395,0.029948168144084287,12.250207361111107,6018.9961006383655,6000.362808140407,0.43494827776870615,41.92452122606247,73.50501041666666,0.2500020834375052,6,88732.98766666668
1567449986,0.3,0.030859375,14.68609861111111,5838.05,5893.525,0.4352376302083334,42.4166666666662,88.12035791666666,0.25,6,88787.27266666666
1567450002,0.275,0.029150390625,15.791253333333332,4355.041666666667,4491.7750000000015,0.4373453776041667,45.14999999999992,94.75226666666666,0.2833333333333333,6,90453.85016666666
1567450019,0.2749975001249937,0.02915013917272886,15.041287222222225,2306.080323900472,2727.726112027732,0.4338912391945507,31.55901704914753,90.250765,0.23333125010416145,6,90252.63633333331
1567450035,0.3000025001250063,0.030403897310750955,13.75220764779447,1859.3823737020184,2337.261778088905,0.4344193060076181,29.590961631414853,82.51606661271238,0.25000208343750524,6,90229.32383333331
1567450053,0.2833333333333333,0.02972005208333333,11.750020216868837,2044.233333333333,2495.291666666667,0.4340738932291667,30.675000000000008,70.50012130121301,0.2333333333333333,6,92915.19383333332
1567450069,0.2999979167708281,0.03017554688671816,10.093317300160331,2338.282572954685,2801.2264770094826,0.4352909946462312,32.06732413379337,60.55990380096199,0.25833166674999586,6,92915.19383333332
1567450086,0.29166500054163125,0.02983376714928793,8.135,2278.346504623668,2727.2922212861467,0.43471321501196103,32.05903357903281,48.81,0.2499987504374719,6,92915.19383333332
1567450102,0.2750025006250438,0.029150642152714363,7.143249572529923,2242.0689948268364,2719.249157225857,0.4341344650152609,32.491016082884144,42.85949743517953,0.23333541718753645,6,92879.71216666668
1567450118,0.30833583345833954,0.030973570162883143,7.0696608283014095,2142.576988432755,2616.331186559328,0.4349401226571745,31.23264246545677,42.41796496980845,0.2500016667500042,6,92879.71216666668
1567450134,0.2833333333333334,0.02972005208333333,7.208062665744988,2223.5166666666664,2672.3,0.434423828125,31.624999999999726,43.24837599446993,0.2333333333333333,6,92879.71216666668
1567450151,0.29166666666666663,0.029833984375,7.398333333333332,2226.4666666666667,2656.875,0.4351318359375,31.916666666666675,44.39,0.25,6,91468.47183333336
1567450167,0.29166666666666663,0.03006184895833333,7.436679166791668,2149.3416666666667,2596.350000000001,0.43477376302083337,31.749999999999968,44.620075000750006,0.24166666666666664,6,91468.47183333336
1567450183,0.2833333333333333,0.02972005208333333,7.218333333333333,1993.525,2440.4083333333333,0.43448079427083336,30.466666666666736,43.31,0.2333333333333333,6,91468.47183333336
1567450199,0.3,0.030403645833333333,7.035075838642037,2079.3,2552.5916666666667,0.4349365234375,30.79166666666676,42.21045503185222,0.25,6,91468.47183333336
1567450216,0.275,0.029150390625,7.15,2210.366666666667,2617.0,0.4342936197916667,32.04166666666649,42.89999999999999,0.2333333333333333,6,91468.47183333336
1567450232,0.2833333333333333,0.0294921875,8.703630240336102,5036.433333333333,5037.675,0.4365966796874999,43.399999999998464,52.22178144201661,0.26666666666666666,7,91431.79166666669
1567450248,0.2750020834375052,0.02915062501171933,10.346650016833163,6057.7200722536145,5930.952322199443,0.4356725709820648,42.666209560480254,62.07990010099899,0.2500016667500042,7,91431.79166666669
1567450264,0.2916550014581292,0.030060740699280563,12.835,6319.109907441604,6151.311136460667,0.4362403700562448,43.610194351803074,77.00999999999998,0.2583245843956865,7,91451.5436666667
1567450281,0.2833408344585021,0.029492942007707405,15.748333333333333,6260.555375806371,6123.5501325198775,0.43841417154956064,45.08192687236236,94.49,0.2916729176043073,7,91853.644
1567450297,0.29285142903567324,0.03027282022394215,16.794887404503818,4900.080830378218,5799.616024951748,0.435684063970808,43.53707203236574,100.76932442702291,0.2642807146785375,7,92040.00449999998
1567450330,0.2571389287678473,0.028417552336668882,13.894803624597895,2085.6122615297804,2518.817627332919,0.4329318707753228,28.658341368645964,97.26498620551857,0.21428250016070627,7,79344.41885714284
1567450346,0.3071442861786017,0.030859561295378764,12.161970433529332,2334.607188069939,2795.42102929957,0.4347198800977452,30.628007711847125,85.13515386803867,0.25000107180359554,7,79184.68128571428
1567450362,0.2857160715178616,0.029590044652902287,9.904354910714286,2122.9729207888968,2572.0552838356202,0.4344687675929556,28.91369318465927,69.33220625,0.2428585715000036,7,79153.929
1567450378,0.2714285714285714,0.02900390625,8.374415436507938,2012.821428571429,2474.464285714287,0.4336146763392857,28.04999999999998,58.622234722222224,0.2285714285714285,7,79153.929
1567450394,0.2928517861606741,0.030272834871647263,6.989040939709017,2209.201109826592,2676.454394688739,0.43413555113417307,29.68745057029855,48.924585119629796,0.2357100003571108,7,79153.929
1567450411,0.2857207148214768,0.029981115427774107,6.886785714285714,2156.6438090037027,2635.077057492881,0.434063439322318,29.21250985223682,48.2075,0.2285767861607545,7,79153.929
1567450427,0.29286142921432856,0.029883243647255982,6.972857142857142,2238.4380185789373,2701.952029815694,0.43494622268036,29.65594232347012,48.81,0.25000357196432144,7,79153.929
1567450443,0.27856785803559825,0.02949178581471908,6.9827975162587865,2308.447795299829,2745.3891593869807,0.4341524523869859,29.670847828105785,48.87958261381152,0.22856750087488306,7,79209.75857142858
1567450460,0.28570892937487946,0.0297845536618168,7.064285714285713,2164.485449682548,2593.1432120896147,0.4341423891048039,29.15,49.45,0.2357089293748795,7,78821.78714285714
1567450476,0.27857607248228305,0.029297320838079063,7.118561842952999,2076.9636152076946,2557.198244866813,0.43541372052917016,28.59344175648359,49.829932900670975,0.25000500103585543,7,78821.78714285714
1567450492,0.2785735715357197,0.02929709055207225,7.194275842955856,2331.764818240912,2772.404776310244,0.4358010907660339,29.80654604158779,50.359930900691005,0.2500017858035759,7,78821.78714285714
1567450508,0.2857146430535724,0.02958985841925924,7.112800231986082,2145.7943606923614,2589.280801794684,0.4360421438640486,29.05714886858933,49.78960162390256,0.2571432144464295,7,78817.93528571428
1567450525,0.28571250008928123,0.029784955367186994,7.562800231986081,2453.222399594306,2894.5045969130115,0.4349648254194433,25.33631711271736,52.93960162390256,0.2428557143571393,7,78817.93528571428
1567450541,0.2857164286785768,0.02978537180207225,9.700013017431331,5572.532688062975,5497.609890494525,0.4351384233553196,39.67099997856864,67.90009112201933,0.2500017858035759,7,79030.14228571428
1567450557,0.2785714285714286,0.029296875,11.342857142857142,5857.650000000002,5717.0357142857165,0.4352818080357143,40.67857142856985,79.4,0.25,7,26730.915
1567450573,0.2714285714285714,0.02900390625,13.411428571428573,5740.8785714285705,5627.478571428573,0.43532366071428574,40.74285714285822,93.88,0.24285714285714285,7,26728.629
1567450590,0.2857142857142857,0.02958984375,14.98002241450986,5731.307142857142,5640.714285714286,0.4354771205357143,40.44285714285728,104.860156901569,0.25,8,26520.435285714284
1567450606,0.2642857142857143,0.028794642857142862,16.327118529730413,5094.564285714286,5062.2642857142855,0.4400251116071428,44.95714285714254,114.28982970811288,0.2571428571428571,8,26522.721285714284
1567450624,0.2928550001071375,0.02988259696948188,15.935737528803859,2553.009493096773,2963.2557489982646,0.4360041498483111,31.600564614626368,111.550162701627,0.2571410715178527,8,55644.892
1567450656,0.287504688578268,0.030176248276717162,11.126902374126427,2043.5074712195687,2543.32950770207,0.4335013990449735,26.81774255513855,86.4165893411607,0.2250021881407055,8,49139.60975
1567450672,0.2875081260626516,0.03000571421846002,9.375658152718811,2165.1641935374914,2645.167678128884,0.43337254223242616,27.435446618464127,75.00716267431417,0.2250050006250875,8,71893.5105
1567450688,0.2874981250937453,0.02966289734829665,7.845643087011376,2285.2807275261234,2771.115027686116,0.4344028016494683,28.256772473876186,62.76689675022342,0.2437484375781211,8,71901.80899999996
1567450705,0.2874981250937453,0.02983379578579665,6.745372665030921,2117.2557275261233,2588.602527686115,0.4351108094619683,27.513022473876404,53.96437088042136,0.2499984375781211,8,71901.80899999996
1567450721,0.28124031595211674,0.029747579693868355,6.8696608062566265,2232.6408580912776,2700.353309498706,0.433708353405128,28.058884036749035,54.958597267001146,0.2249918778741596,8,74452.07825
1567450737,0.2875112533760128,0.03000606602879301,7.0662410502642485,2393.2836844803437,2834.8416162348713,0.434165396103206,28.85317407722319,56.52992840211399,0.2312575022506752,8,74452.07825
1567450754,0.2812612533760128,0.02957881993504301,7.061312214723456,2173.546184480344,2647.997866234871,0.43422032774383096,27.740674077223,56.49049771778765,0.2312575022506753,8,89983.55687500002
1567450770,0.275,0.029150390625,7.219981725365492,2128.7750000000005,2606.425,0.43397216796875,27.40625000000014,57.759853802923935,0.23125,8,89983.55687500002
1567450786,0.28125,0.02940673828125,7.126231725365492,2249.0125000000007,2715.5125,0.43438720703125,28.10624999999993,57.009853802923935,0.2375,8,154163.405375
1567450802,0.2687481250937453,0.02889385437954665,7.01888464519678,1926.206031260937,2430.988983050848,0.4338901176279076,25.838025911204372,56.15107716157424,0.2249984375781211,8,181707.327
1567450819,0.3000015625781289,0.0305177539150395,7.083796465878573,2197.267417745887,2599.5638891319563,0.4358425373661261,29.08076278813941,56.67037172702858,0.26250125006250313,8,181625.523125
1567450835,0.2875,0.0300537109375,8.388762279363169,4765.16875,4733.43125,0.43883666992187503,40.33749999999965,67.11009823490535,0.2625,8,181638.980125
1567450851,0.2874981250937453,0.03005352234829665,10.188690877956102,5296.34289441778,5219.00660841958,0.43891940595841306,37.231653417329625,81.50952702364881,0.2624984375781211,8,181662.30125
1567450867,0.2812481250937453,0.02940654969204665,11.33875,5249.774144417779,5179.9566084195785,0.435507540724038,36.80665341732863,90.70999999999998,0.2499984375781211,8,181696.963125
1567450884,0.2812515625781289,0.029577812508789506,13.09365705307389,5131.2804690234525,5086.917323678684,0.43560451429553904,37.38084404220227,104.74925642459112,0.2500012500625031,8,181905.86387500004
1567450900,0.2875,0.0296630859375,15.233770639564671,5209.31875,5121.51875,0.436077880859375,41.21250000000122,121.87016511651741,0.25625000000000003,8,154361.38937500006
1567450916,0.2749981250937453,0.02915020203579665,15.42750072537375,2979.327290822959,3374.623810684465,0.4346591319115685,26.38174372531473,123.42000580299,0.2374981250937453,8,181997.799625
1567450933,0.2812481250937453,0.02940654969204665,13.859946815458017,2096.033540822959,2576.455060684466,0.43495820417719344,27.36924372531366,110.87957452366413,0.2437481250937453,9,182005.948125
1567450949,0.2812515625781289,0.029626640633789506,12.19632881644082,2011.287229673984,2504.4163258162907,0.4598171540657111,26.93072841142077,97.57063053152656,0.2437512500625031,9,182012.635
1567450965,0.29374031454638216,0.030260163192968294,10.95375,2053.6620635336803,2527.935419665689,0.4343160813879442,26.865718049857364,87.63,0.2374921891402305,9,182012.635
1567451014,0.2777763889583299,0.02956798611892322,6.25425517586704,2176.320213433773,2652.8615769211538,0.4332983817388991,26.578230810681728,56.29025045638898,0.22222111116666388,9,87680.78400000001
1567451031,0.29444444444444445,0.02994791666666666,6.450075990227367,2127.7333333333336,2602.6277777777773,0.4346788194444445,26.12222222222217,58.0520839120463,0.25,9,162072.52122222225
1567451047,0.27222055563888475,0.02903629069848591,6.749874984749923,2292.509365920593,2771.011604419779,0.4337215520408875,27.09489914393182,60.75158027941596,0.22777638895832986,9,162072.52122222225
1567451063,0.2777791667361146,0.029264479174479562,6.9431571180555585,2214.7282641909874,2689.086224033424,0.4338131633686719,27.293981365735092,62.4899315625,0.2333344445000028,9,162054.65933333337
1567451080,0.294446388986116,0.030403832474609843,7.11558979105666,2193.906213366224,2693.537505486385,0.43492537257071184,27.01620664366541,64.04030811950993,0.24444583340278125,9,162054.65933333337
1567451096,0.2777777777777778,0.02926432291666667,7.057778400158442,2168.538888888889,2671.227777777777,0.4340060763888889,26.299999999999965,63.52000560142599,0.2333333333333333,9,162057.0067777778
1567451112,0.2833300003333,0.029491852247066963,7.2078024785188,2231.8849470608498,2715.683859391839,0.4344949592497348,27.111993800619803,64.87022230666919,0.2388861113888611,9,162054.54866666664
1567451128,0.2722188892221889,0.029036123080400295,8.195546355647553,2902.0516137275163,3304.372748280727,0.4342670946664014,27.573104911730113,73.759917200828,0.2333305558333056,9,162052.99766666663
1567451144,0.2944455559166903,0.03025187341241045,9.278899555662225,4647.489871446439,4695.900003652183,0.4353214309976687,34.049620740953124,83.51009600096002,0.2555569447916909,9,162052.99766666663
1567451161,0.2722222223888889,0.029036458350097657,10.947777777777775,4792.920473047815,4809.754995258568,0.4358995412576769,34.4333227420813,98.53,0.25555583348611177,9,163873.17622222222
1567451177,0.2777791667361146,0.029264479174479562,12.057764767335213,4717.357359812435,4760.9678158907955,0.43414411361844135,34.57187664938624,108.5198829060169,0.2333344445000028,9,163873.53988888892
1567451194,0.2888888888888889,0.029871961805555555,13.57111051140178,4778.322222222221,4857.75,0.4351345486111111,34.322222222223985,122.139994602616,0.24444444444444444,9,162042.02300000002
1567451210,0.26666250062490626,0.02880812507030195,14.84219063364922,4417.642313930689,4544.252149399812,0.4342484600074746,33.67884261805018,133.57971570284298,0.22777444494436944,9,162103.2411111111
1567451226,0.30556222322237225,0.030859991954522343,14.35888760032222,3102.016611658415,3405.8089438415764,0.4347403062607829,33.02649008462375,129.2299884029,0.2444486117362049,9,162174.65977777782
1567451243,0.26666527784721883,0.028808437507812108,12.534444444444444,1735.4831194551386,2274.0010718908497,0.4338083581389507,23.80602330994552,112.81,0.22222111116666388,9,162174.65977777782
1567451259,0.28333500008333745,0.02949235515161175,11.07109793346511,2159.094882521904,2626.876218255357,0.4345238976901102,26.671754421054594,99.639881401186,0.2388902778472257,9,128646.29122222221
1567451275,0.2833250020828126,0.02964325921557805,9.953354467089342,2251.898382348857,2726.653686578355,0.4340645348103078,27.113441084173285,89.58019020380408,0.2333263906245661,9,87787.09122222221
1567451291,0.2666750020838543,0.02880943217575228,8.538869911300887,2215.1330179767165,2685.08686060404,0.433774030530202,26.86989108388218,76.84982920170798,0.22222916840321189,9,87787.09122222221
1567451307,0.2777777777777778,0.02926432291666667,6.989994133563111,2033.25,2531.905555555555,0.4345160590277777,25.916666666666718,62.909947202068004,0.2333333333333333,9,87787.09122222221
1567451324,0.2722208334027744,0.02903630209114544,6.632215189105444,2060.7796879600464,2542.070504252565,0.4338680391284255,25.7226738663066,59.689936701948994,0.22777666672221944,9,87787.09122222221
1567451340,0.2833336112638896,0.029492198909423856,7.076666666666667,2407.1287480619744,2879.4849820612403,0.4344672455204942,28.055551343680325,63.68999999999999,0.23888916679166736,9,128702.28744444445
1567451357,0.2722225001527785,0.029188379464979413,7.1188886890486645,2177.8116870455992,2668.494577702584,0.4339029961175129,26.73890162044482,64.069998201438,0.22222250012500072,9,128702.28744444445
1567451373,0.2833336112638896,0.029492198909423856,7.076627390852679,2134.5672426011547,2626.6612443692497,0.4353135863952908,26.777790509333425,63.68964651767412,0.2500002779027785,9,87843.08744444442
1567451389,0.29999194562486736,0.030174954549953326,6.987723794111044,2090.705029982054,2572.629410477197,0.4356758964446139,26.21894410217848,62.88951414699941,0.26666000097211395,9,87705.79155555555
1567451406,0.2833283344166292,0.029491684679276826,7.128842694042491,2195.5040381200915,2665.3086992724225,0.4346173230743,26.75693803739901,64.15958424638242,0.2388847231249688,9,105197.06255555556
1567451422,0.2777847228472813,0.029460416736985805,7.6422053793181695,2644.0351918509905,3093.815520027427,0.4369260685175853,25.64218174141301,68.77984841386353,0.2333388893889361,9,104976.54699999999
1567451438,0.2999950007498875,0.030370590895740637,8.821020843368451,4789.919918678865,4804.983293339333,0.4395489680996635,39.67330455987295,79.38918759031607,0.27221805618046185,9,105114.84766666668
1567451473,0.2833350000833375,0.02949235515161175,12.352265037122063,4938.6292456289475,4908.766987516042,0.4370087257075527,36.48298470479197,111.17038533409857,0.2722238889722264,9,105049.12177777775
1567451490,0.28888750006944103,0.030023715285589888,13.930032568533488,4588.886375403452,4671.297317356353,0.43619549247147016,34.27815525890321,125.37029311680138,0.25555416673610765,9,105188.06644444443
1567451507,0.28888750006944103,0.029719895841145438,15.202253512683596,4828.06415318123,4839.947317356355,0.4363691035825813,36.400377481126974,136.82028161415238,0.26110972229166324,9,105206.88333333332
1567451523,0.27222388897222644,0.02903662598494508,15.18451435835211,3526.7620189342797,3804.412679800657,0.4359995929483974,35.621831369346616,136.660629225169,0.25000138895833685,9,105171.66833333332
1567451539,0.2777761111944403,0.029264155281819238,13.257938459302585,1923.661566921654,2444.818463799032,0.43442140826986425,25.222692476487087,119.32144613372326,0.23333194451388545,9,128519.13166666664
1567451555,0.2833347222916701,0.029492343757812886,11.860026578043561,1868.9053844358884,2383.864952969871,0.4346703769107726,24.710636087360157,106.74023920239202,0.23889000005555835,9,128519.13166666664
1567451572,0.27222361118055904,0.029036614591146225,10.19444398912411,2087.955384435889,2604.2260640809823,0.43417124496632814,26.11619164291569,91.749995902117,0.2277788889444473,9,128534.93966666667
1567451588,0.2722222222222222,0.02903645833333333,8.709971223080428,2373.405555555556,2861.05,0.4346950954861111,27.88888888888885,78.38974100772386,0.2333333333333333,9,128534.93966666667
1567451604,0.2777761111944403,0.029416057408935117,7.595547533776437,2294.171804743096,2769.545801321045,0.4345136633142301,27.783793032570525,68.35992780398794,0.233332222277775,9,128537.25644444446
1567451621,0.2944444444444444,0.029947916666666668,6.9388639229712,2280.3555555555554,2757.8777777777777,0.4360731336805556,27.166666666666465,62.4497753067408,0.2611111111111111,9,128535.66711111108
1567451637,0.27221972293046603,0.029188074623335163,7.028863922971199,2143.7893518927867,2635.2599278200423,0.4341965848587036,26.289830878919325,63.259775306740806,0.22222000055548333,9,173812.89144444442
1567451653,0.2722166673610139,0.0290358334114474,7.242222222222222,2219.375304391821,2702.916562278156,0.4342189174868247,26.901849212338014,65.17999999999999,0.2277733338888112,9,173816.54611111115
1567451669,0.2722191688192869,0.02903613465745481,7.1843790400386265,2168.3035893338515,2681.04893367555,0.4342996553733871,26.767575234418594,64.65941136034763,0.2277752795693133,9,173721.6184444445
1567451686,0.294436112527507,0.030098980720106205,7.128830929622643,2105.883470820127,2597.8412807650625,0.4357409786144079,26.18007044242216,64.15947836660382,0.2555488900553305,9,173721.6184444445
1567451702,0.2888986125974965,0.02972104669981605,6.964500526147941,2197.120133162645,2698.5995977777816,0.436044195421812,26.66393459117556,62.68050473533149,0.25556361234745073,9,173612.28222222222
1567451718,0.26666666666666666,0.02880859375,7.18,2454.788888888889,2860.888888888889,0.4340115017361112,29.46111111111053,64.62,0.22222222222222224,9,173621.04144444448
1567451734,0.30000000000000004,0.030175781249999995,8.597794812039465,4788.144444444445,4775.327777777778,0.4357150607638889,39.89444444444492,77.3801533083552,0.2611111111111111,9,173616.5666666667
1567451751,0.2722222222222222,0.02903645833333333,10.51,5222.916666666667,5175.288888888888,0.43588324652777777,37.73333333333299,94.59,0.25,9,173600.7586666667
1567451768,0.2666600006666,0.028807923244133924,12.258888888888887,5475.013493095134,5376.734725416347,0.4369802999083772,39.284734859847305,110.33,0.26110500061105,9,173614.85055555555
1567451784,0.2944438896111055,0.029947893949544044,14.019968978398206,5477.533152892775,5384.664033705862,0.4357421065512687,39.66116708794449,126.17972080558388,0.2555544451111,9,173612.14833333335
1567451800,0.2833361113889167,0.029492500031253126,16.046648266850664,5203.361918969674,5109.145279527952,0.4359369270260359,37.67154104299311,144.41983440165595,0.2555583336111389,9,173654.36566666668
1567451816,0.2777777777777777,0.02926432291666666,16.128760029033824,3331.9944444444445,3628.4611111111108,0.4351291232638889,28.77777777777719,145.1588402613044,0.24444444444444444,9,173756.26600000006
1567451833,0.2833333333333333,0.029644097222222224,14.165007366820893,1803.2444444444445,2236.3722222222227,0.4361002604166666,24.42222222222237,127.48136130138799,0.25555555555555554,9,195003.02375
1567451849,0.2812481250937453,0.02957744812954665,11.84621271493304,977.5952352382384,1593.5790301109942,0.4346347331070946,16.906067474404093,106.607841101064,0.2312484375781211,9,195003.02375
1567451865,0.29374406279686016,0.02991885500939797,9.88680102511822,998.3452558622067,1631.4265099245038,0.435361713664805,15.812634923810208,88.97785985106398,0.2499950002499875,8,195003.02375
1567451881,0.2750034376718836,0.02954138002310272,7.419761982359282,1957.3862361868094,2434.300047502375,0.4593804272122786,26.70463912084553,66.77438016734982,0.22500281264063207,8,138915.63987500005
1567451898,0.3125003127031257,0.031079114399383576,5.668942238778605,1834.2699351351125,2341.007624922707,0.4618103088047639,25.387509009047257,51.01726998849942,0.2750003126718758,8,138915.63987500005
1567451914,0.27500000015625,0.029150390642578124,4.8425175627961305,1921.285005064369,2391.602953317726,0.4345642126118012,26.024994634953238,38.740140502369044,0.231250000125,8,138915.63987500005
1567451931,0.26875000015625,0.028894042986328125,5.2125,2172.9412550643688,2659.390453317726,0.4343872106586762,27.506244634953323,41.7,0.225000000125,8,195019.519625
1567451947,0.26875187509375464,0.02889423157681321,5.744999999999999,2295.741653332668,2762.271049177459,0.4344204401992561,28.48073778688902,45.96,0.2250015625781289,8,195051.703
1567451963,0.2937481250937453,0.03026104187954665,6.4137496626608765,1824.4459555147243,2337.1231485300736,0.4356661881871727,25.963035910704445,51.30999730128701,0.2499978126093695,8,195051.703
1567451979,0.30625218760938044,0.030432330332336933,6.507524425886023,2083.239961685584,2579.556577828892,0.43612945661931535,27.618242162108,52.06019540708819,0.2687521876093805,8,138952.86237500006
1567451995,0.2499984375781211,0.028124824227538626,6.588758212582128,2159.4165066746664,2611.507588683065,0.4353610169833305,27.638010599470192,52.710065700657005,0.2312481250937453,8,195047.49825
1567452013,0.2937518750937547,0.029919622201813205,6.807533001320052,2061.8816322066104,2493.053532364118,0.43609280073378665,27.94323403670229,54.460264010560415,0.2625015625781289,8,195018.728
1567452029,0.2874981250937453,0.02966289734829665,8.1375,3881.3562646867663,3995.689680515974,0.436886928236596,35.1440974826246,65.1,0.2687484375781211,8,194927.68450000012
1567452046,0.2937443752812359,0.029918867826139943,9.7725,5874.627752987351,5744.88192559122,0.4369608240779368,42.8573136968154,78.17999999999998,0.27499500024998746,8,195013.81100000005
1567452062,0.2750034376718836,0.029150755023102718,12.694954665064028,6180.808263538178,5976.130216823342,0.4362542373334487,43.736812153105966,101.55963732051222,0.2500031251562578,8,195003.891125
1567452079,0.26875,0.02889404296875,14.940018575185752,5928.9437499999985,5790.225,0.4352294921875,42.95624999999874,119.520148601486,0.2375,8,195112.60212500003
1567452095,0.30000187509375464,0.03017596985806321,16.712370043129347,5581.594703172657,5637.456808465424,0.4364895371843788,40.630890919547255,133.69896034503478,0.2625015625781289,8,195149.041375
1567452111,0.26875000000000004,0.02889404296875,16.999978600213996,2995.675,3365.7375,0.435833740234375,32.00624999999945,135.99982880171197,0.24375,8,195149.379875
1567452128,0.26875,0.02889404296875,15.773749999999998,1668.025,2176.7937500000007,0.434185791015625,24.487500000000324,126.19,0.225,8,195149.379875
1567452144,0.28124437546870784,0.029406172532496982,13.748569393060693,2117.3825606219,2618.090520532593,0.4347879917071379,27.882797370667852,109.98855514448557,0.23749531289058984,8,195271.2485
1567452160,0.2812534376718836,0.029407102679352717,10.934931652136493,1785.60289639482,2357.704433971699,0.4343682098045332,21.436420258513753,83.83682579582785,0.23750281264063205,8,222526.77771428574
1567452176,0.2928589286607187,0.030078325902902287,8.019030074318156,1083.7088543712898,1656.477216360818,0.4351174907378181,17.736942472124102,64.15011726121192,0.2428585715000036,7,222526.77771428574
1567452193,0.2857142857142857,0.02958984375,5.505697382940457,1676.45,2231.485714285714,0.435009765625,20.90625000000017,44.043719688523645,0.24285714285714285,7,222526.77771428574
1567452213,0.2928571428571429,0.0298828125,5.074788308463459,1884.2142857142856,2378.1,0.43545619419642856,26.81249999999849,40.596575634374325,0.25,7,222526.3908571429
1567452229,0.2857121429642803,0.02958962821948188,5.4957892932150365,1900.8514724263787,2362.3905690429765,0.4354809896223939,26.675534035798112,38.47052505250525,0.2428553572321384,7,222538.95057142852
1567452245,0.2785692858214232,0.02929665946948188,5.528646436072178,2033.6800438549496,2469.526283328691,0.43516709453310815,28.072038898054906,38.70052505250525,0.2357125000892813,7,287008.1165714285
1567452261,0.2928589286607187,0.02988301340290228,5.957208031760747,2145.3717925181973,2580.475334123849,0.4355220610500391,29.20655032751645,41.70045622232524,0.25000142864286073,7,286832.3005714285
1567452279,0.2714285714285714,0.02900390625,6.562931489453924,2383.264285714285,2825.028571428572,0.4347516741071428,30.47857142857148,45.940520426177464,0.2285714285714285,7,286832.3005714285
1567452295,0.2928571428571429,0.0298828125,6.9499999999999975,2310.4785714285713,2729.764285714285,0.43599330357142857,29.914285714285803,48.64999999999999,0.25,7,286832.3005714285
1567452311,0.2785692858214232,0.029296659469481887,7.0814095291649926,2118.7002578442507,2528.782488018456,0.4360529769270465,29.186308898840537,49.56986670415496,0.2499982143749956,7,396891.16185714287
1567452327,0.2714264286785661,0.029003690719481882,7.978581742960286,3420.143114987108,3638.8396308755987,0.4350903653199037,31.81488032741234,55.85007220072201,0.2357125000892813,7,396891.16185714287
1567452344,0.30000178580357584,0.03017598215290228,11.418497717971244,6708.00434521726,6541.952998007044,0.4365195544235917,49.34248819583832,79.9294840257987,0.264287142928575,7,396891.16185714287
1567452361,0.26428214321425003,0.028710535754460267,14.692796043468135,6979.497465253477,6777.808289171083,0.4349547529901028,49.39356921450768,102.84957230427696,0.22856857171425715,7,396926.5234285714
1567452377,0.30000321487504555,0.030176040792693832,17.13281015761271,6943.417033524475,6746.151444441302,0.4354035425617699,50.085337055423366,119.92967110328895,0.2500028576428964,7,396926.5234285714
1567452393,0.2785735715357197,0.02949240305207225,18.759973071697853,5243.234587443658,5248.55544241498,0.4357383675545385,40.88525069110551,131.31981150188497,0.24285964298214915,7,396821.52557142865
1567452409,0.2857142857142857,0.029785156250000007,18.81148195875045,2804.464285714286,3132.621428571428,0.4353724888392857,33.642857142857075,131.68037371125314,0.2357142857142857,7,396826.05257142865
1567452426,0.2785714285714286,0.029296875,17.93428571428571,2214.8571428571427,2648.0,0.4351283482142856,29.34999999999994,125.54,0.2357142857142857,7,396784.02085714287
1567452442,0.27142857142857146,0.029003906250000006,14.278682934146707,1841.8857142857141,2299.0071428571428,0.434716796875,27.05714285714294,99.95078053902695,0.2285714285714285,7,396827.0192857143
1567452458,0.27856607223202234,0.0292962724118168,11.83858882874543,2028.5544882553327,2482.401473350426,0.4348819171962375,28.094625806129354,82.870121801218,0.23571000064276074,7,396822.4922857143
1567452474,0.27143392937512056,0.029004509018986782,8.788638133474192,2189.40637131284,2630.703346930611,0.4345098339806775,28.933904371369824,61.51849526765268,0.2285757149286679,7,286790.64528571424
1567452491,0.2785714285714286,0.029296875,6.296634782815888,1593.3,2056.7785714285715,0.4346819196428571,25.13571428571449,44.075124057257135,0.2357142857142857,7,334086.31516666664
1567452507,0.275,0.029150390625,5.650652731723088,1146.725,1745.9416666666666,0.434912109375,16.29999999999995,39.2132083848069,0.2333333333333333,7,334080.5505000001
1567452524,0.25833333333333336,0.028466796875,5.078674970625733,1331.7416666666668,1921.0166666666669,0.43408203125,19.87142857142755,35.54880817562894,0.2166666666666667,6,334080.5505000001
1567452540,0.28333083345832705,0.029491936047728862,5.415343869711276,2680.358799143376,3168.6223792977016,0.4353804900900789,27.40055532937518,37.90586591503758,0.2416645834374948,6,334080.5505000001
1567452556,0.2666687501041719,0.028808828136719325,5.909962001519939,1990.0085258429588,2429.054470223511,0.4347773687512501,30.29096913179004,35.45977200911963,0.22500166675000416,6,334084.2663333333
1567452573,0.25833333333333336,0.028466796875,5.808333333333333,1913.533333333333,2331.3250000000007,0.4344482421875,29.66666666666697,34.85,0.2166666666666667,6,334084.2663333333
1567452589,0.3,0.030403645833333333,6.206666666666668,2127.383333333333,2522.0750000000007,0.4359049479166667,31.041666666666288,37.24,0.25,6,334026.3023333333
1567452605,0.25833333333333336,0.028466796875,6.6433333333333335,2198.025,2574.7500000000005,0.4346842447916667,31.533333333332696,39.86,0.21666666666666667,6,334026.3023333333
1567452621,0.2749979167708281,0.02915015626171816,8.241666666666667,2777.4248912554376,3083.0708022932185,0.4351282281263541,29.30068829892054,49.44999999999999,0.23333166674999584,6,333870.5110000001
1567452638,0.2666687501041719,0.028808828136719325,10.81,7406.665879543978,6977.612427704718,0.436665391212269,60.22463331500097,64.86,0.2500016667500042,6,333874.22683333326
1567452654,0.28333125010416144,0.02949195313671817,14.276762337160154,8216.880398063431,7645.852629868506,0.43765911517249656,57.358671649751166,85.66057402296092,0.26666458343749483,6,333964.217
1567452671,0.266662500416625,0.028808125046870317,17.51067359132043,7921.75209812352,7497.849500049995,0.4369474559705488,56.192424924172975,105.06404154792259,0.24999583374995835,6,333893.4755
1567452687,0.24999583374995835,0.028124531296870314,19.053047929680236,5996.268764790188,5770.074500049997,0.4365893830538821,54.742424924175815,114.3182875780814,0.2333291670832917,6,334053.9921666667
1567452703,0.2916716679168292,0.030062340621110063,18.715,1788.9293622203588,2236.8908894023098,0.43670164000035855,29.23185796903616,112.29,0.2500045843543032,6,334312.6511666667
1567452719,0.275,0.029150390625,17.824872671759795,1911.166666666667,2372.833333333333,0.4354736328125,29.65833333333308,106.94923603055878,0.2333333333333333,6,238146.92883333337
1567452735,0.26666666666666666,0.02880859375,15.39330643360233,2146.083333333333,2555.925,0.43477376302083337,31.383333333333212,92.359838601614,0.225,6,238146.92883333337
1567452752,0.2750020834375052,0.02915062501171933,11.891666666666666,2199.3194613897367,2617.365654532727,0.4350784775566904,31.69098371585225,71.35,0.2333350000833375,6,238139.5908333333
1567452768,0.2666687501041719,0.028808828136719325,9.303333333333333,2164.1527947230693,2548.0239878660605,0.4347936468275237,31.274317049185576,55.82,0.22500166675000416,6,238139.5908333333
1567452784,0.2916620835624885,0.029833498559447023,6.700044201768073,2489.979203539823,2868.462842274553,0.4358977184604311,33.34298285085726,40.20026521060842,0.24999625018749064,6,238139.5908333333
1567452801,0.25833583345833955,0.028467048352417618,6.9499881501184975,1991.5248070736868,2390.8128802273445,0.4347285621930837,30.224304965248628,41.699928900710994,0.2166687501041719,6,238146.92883333337
1567452817,0.2666687501041719,0.028808828136719325,6.8225829204820165,1771.8148057402868,2163.343952614297,0.4348831670912973,28.70761954764389,40.933781812106574,0.2250016667500042,6,462714.6559999998
1567452833,0.29,0.029765625,6.276853696403631,1417.85,1871.23,0.43609375,24.30833333333188,37.65985106731067,0.25,6,281625.2744
1567452849,0.27,0.0289453125,5.977499479166666,1621.53,2183.36,0.43505859375,22.23333333333357,35.86362166666665,0.23,5,281625.2744
1567452866,0.27,0.0289453125,5.9078905555555545,2157.95,2564.87,0.435166015625,31.458333333332963,35.44578875,0.23,5,281601.14839999995
1567452882,0.27,0.0289453125,5.202933580617376,1770.21,2137.33,0.435458984375,29.22499999999976,31.21561848795532,0.23,5,347192.38739999995
1567452898,0.27,0.0289453125,5.9579999999999975,2029.25,2405.55,0.435166015625,33.330000000000375,29.79,0.23,5,583318.2612000001
1567452914,0.2799970001499925,0.029355167007274637,6.256011700117003,2388.3813424328782,2682.586347682616,0.4371245558815809,36.11084145792724,31.280058500585014,0.2599975001249937,5,583318.2612000001
1567452931,0.26000000025000003,0.028535156278125,9.118,7431.2102538234985,6669.016628254218,0.4363085517047607,61.62001546707448,45.59,0.23999950022499875,5,583318.2612000001
1567452947,0.27000000025,0.028945312528125,13.57,9742.9902538235,8809.076628254217,0.4381444892047606,67.68001546707535,67.85000000000001,0.26999950022499875,5,583870.404
1567452964,0.2700030001500075,0.028945614272901144,18.628,9764.400571028553,8691.069844492224,0.4394770422114856,71.85970898545213,93.14,0.29000300015000746,5,584000.3672000001
1567452980,0.27,0.0289453125,19.552,6096.92,5680.2599999999975,0.43626953125,48.11000000000104,97.76,0.24,5,584135.3214
1567452996,0.28,0.02935546875,19.423921641567173,1868.86,2307.6800000000007,0.435654296875,32.16000000000031,97.11960820783585,0.24,5,584135.3214
1567453015,0.27,0.0289453125,19.117921641567168,2194.19,2605.15,0.435048828125,33.85999999999967,95.58960820783585,0.23,5,584135.3214
1567453031,0.29,0.029765625,16.67,2295.63,2655.9300000000007,0.436083984375,34.36999999999989,83.35,0.25,5,584135.3214
1567453047,0.28,0.02935546875,12.564,2113.67,2524.7000000000007,0.435654296875,33.900000000000546,62.81999999999999,0.24,5,584142.9698000001
1567453063,0.28,0.02935546875,7.489999999999997,2335.39,2735.19,0.435791015625,34.789999999999964,37.45,0.24,5,584142.9698000001
1567453080,0.29,0.029765625,6.848,2072.4,2476.92,0.4360546875,33.0600000000004,34.24,0.25,5,584142.9698000001
1567453096,0.26,0.02853515625,7.020028200564012,2174.13,2537.14,0.434951171875,33.94999999999982,35.10014100282005,0.22,5,584152.6422000001
1567453113,0.29,0.029765625,6.91401444070161,1953.35,2378.02,0.436396484375,32.63000000000011,34.570072203508055,0.25,5,584152.6422000001
1567453130,0.28,0.02935546875,6.566252906804265,1873.67,2265.79,0.43705078125,31.84999999999991,32.82996120068799,0.26,5,729309.4352500002
1567453151,0.275,0.029150390625,5.95035625,1472.675,1901.0625,0.43609619140625,25.710000000000036,29.750543749999995,0.2375,5,728933.4450000002
1567453168,0.325,0.03198242187499998,5.360306,1719.975,2264.100000000001,0.44302978515625,25.66999999999825,26.800322499999996,0.275,4,728933.4450000002
1567453184,0.2875,0.0300048828125,5.665002666666667,2624.7,2926.2375,0.43529052734375,35.98999999999978,28.32373333333333,0.2375,4,728933.4450000002
1567453202,0.2875,0.0296630859375,6.345,2141.7,2485.3875000000007,0.4363525390625,33.529999999999745,25.38,0.25,4,433776.10275
1567453218,0.2499968751562422,0.028124648455077245,7.230017325173253,2374.5275017499125,2618.2960039498025,0.4353705697283495,39.95105619719017,28.92006930069301,0.22499750012499373,4,433392.84950000007
1567453234,0.31250375018750937,0.03103065065362643,10.8775,8841.895416020801,7106.774771238562,0.4390557406288283,73.66217123356203,43.51,0.2875031251562578,4,434044.596
1567453251,0.2875,0.0300048828125,15.6425,11243.4,9037.537500000002,0.4387451171875,76.71249999999986,62.57,0.275,4,434044.596
1567453267,0.2625,0.0286376953125,20.28239440211196,9876.0875,7910.3,0.43900146484375,74.18750000000216,81.12957760844783,0.275,4,434044.596
1567453283,0.2875,0.0296630859375,20.64,4904.925,4638.3125,0.4385009765625,56.05000000000018,82.56,0.275,4,434361.82975
1567453299,0.275,0.029150390625,20.685,2150.8,2523.175,0.4360107421875,37.999999999999545,82.74,0.2375,4,729519.172
1567453332,0.27499625018749063,0.029491793232603994,18.083125,2106.248375081246,2411.605043497825,0.4374091292993944,37.45103619819014,72.3325,0.2499975001249937,4,434361.82975
1567453348,0.2874962501874906,0.030004488545103992,13.512320883955805,2180.673375081246,2501.292543497825,0.4361273910181444,38.22603619819,54.04928353582322,0.2374975001249937,4,434361.82975
1567453364,0.2875037501875094,0.029663463153626432,7.697534200684013,2272.807105980299,2577.66370318516,0.4361504458279555,38.48649057452868,30.79013680273605,0.25000312515625783,4,510002.78375000006
1567453381,0.3,0.03017578125,6.6325,1928.0125,2271.4875,0.43721923828125,36.26250000000027,26.53,0.2625,4,510002.78375000006
1567453397,0.3124962501874906,0.030688099384093295,6.7,2113.7969514024303,2426.975568096595,0.4372748330356919,37.57604557272129,26.8,0.27499687515624216,4,510002.78375000006
1567453413,0.2874962501874906,0.029662708759093295,6.79,2079.63445140243,2413.7755680965947,0.4365302041294419,37.476045572720814,27.16,0.2499968751562422,4,434361.82975
1567453430,0.2875031251562578,0.029663437517579005,6.7825,2263.3464585729284,2584.09283901695,0.4362236806908705,38.536485574278615,27.13,0.25000250012500624,4,434361.82975
1567453446,0.2875,0.0296630859375,6.6725826291314565,2208.225,2539.2375,0.436083984375,37.87499999999966,26.690330516525826,0.25,4,429458.09325
1567453463,0.2874962501874906,0.029662708759093295,6.6375,2038.0855038498075,2361.0919660266986,0.4365302084016893,37.22603744812784,26.55,0.2499968751562422,4,428488.98675
1567453479,0.300000000375,0.030175781287719725,6.62556515625,2234.9258511507205,2608.976968339099,0.4367675627997437,39.41257115006293,26.499977500000004,0.26250000031250004,4,570305.3066666665
1567453495,0.2875068753437672,0.029663814733705437,6.4236470312500025,1926.175809415471,2332.270032876644,0.4362901470268826,37.28543802190043,25.69330020833333,0.2500056252812641,4,570305.3066666665
1567453511,0.2833175042075439,0.02949064495695197,6.001932916666666,1615.5404594503204,2064.264905154876,0.4370550045423947,32.302297150076214,24.0062475,0.24998667016600845,3,569696.966
1567453528,0.2833533373341335,0.029494199621174236,6.437586197916668,5834.786890711474,5534.899393211977,0.4366175839334534,40.33450579572771,25.74894083333333,0.2500166700006668,3,569696.966
1567453544,0.3000200040008001,0.030373105871174238,10.742554166666665,10641.653557378142,8694.766059878642,0.4504359433084534,60.22200579572696,42.96864166666667,0.31668333666733345,3,569796.8303333332
1567453561,0.31666666666666665,0.0310546875,19.316666666666666,11771.55,8105.466666666666,0.45166015625,68.7990362018089,57.95,0.3333333333333333,3,569942.6006666665
1567453577,0.3,0.03017578125,19.94,6645.3499999999985,5494.533333333334,0.439013671875,55.5000000000003,59.81999999999999,0.2833333333333333,3,569942.6006666665
1567453593,0.26666666666666666,0.02880859375,20.086666666666666,2285.683333333333,2552.7166666666667,0.43650716145833335,45.883333333332914,60.26,0.2333333333333333,3,569942.6006666665
1567453609,0.2833333333333333,0.0294921875,20.28,2431.8,2731.766666666667,0.4370442708333333,46.44999999999982,60.84,0.25,3,569942.6006666665
1567453626,0.2833333333333333,0.0294921875,19.52,2106.866666666667,2338.4500000000007,0.4369791666666665,44.216666666667,58.56,0.25,3,569942.6006666665
1567453642,0.2833333333333333,0.0294921875,13.56,2070.133333333333,2328.183333333333,0.43701171875,44.26666666666733,40.68,0.25,3,569942.6006666665
1567453658,0.26666666666666666,0.02880859375,9.546666666666667,2430.933333333333,2682.2833333333333,0.436474609375,46.26666666666628,28.64,0.2333333333333333,3,569942.6006666665
1567453675,0.31666666666666665,0.030859375,7.296666666666668,2163.883333333333,2438.483333333333,0.4385579427083333,44.41666666666682,21.89,0.2833333333333333,3,569942.6006666665
1567453691,0.2833333333333333,0.0294921875,7.3,2059.85,2309.983333333333,0.437353515625,43.71666666666594,21.9,0.25,3,643706.0366666667
1567453707,0.26666666666666666,0.02926432291666666,6.9,1991.5166666666669,2227.7166666666667,0.43531901041666665,43.616666666666795,20.7,0.21666666666666667,3,643706.0366666667
1567453723,0.2833283335833208,0.029491684595457725,6.743333333333332,2035.447069313201,2288.8018157425463,0.4374764546277895,43.81806576337844,20.23,0.24999583354165625,3,643706.0366666667
1567453739,0.2833375002083437,0.02949265627343867,6.93,2486.0018425921303,2738.046588162741,0.4367910688828712,46.39868576762196,20.79,0.2500033335000084,3,643706.0366666667
1567453756,0.2833333333333333,0.0294921875,6.669978866877997,1855.1166666666666,2080.85,0.43650716145833335,42.733333333333114,20.009936600634,0.25,3,643606.1723333334
1567453772,0.31666666666666665,0.0314453125,6.6025,1945.283333333333,2223.0,0.44578450520833335,43.483333333332816,19.8075,0.2833333333333333,3,643606.1723333334
1567453788,0.25,0.028125,6.66,2094.083333333333,2406.9666666666667,0.43556315104166665,44.466666666667145,19.98,0.21666666666666667,3,569842.7363333333
1567453804,0.2833333333333333,0.0294921875,6.8,2178.3,2488.95,0.4370930989583333,44.7166666666673,20.4,0.25,3,643606.1723333334
1567453821,0.2833333333333333,0.0294921875,6.775311909722222,2045.2666666666669,2361.3166666666666,0.436669921875,28.95000000000057,20.32391958333333,0.25,3,643606.1723333334
1567453837,0.3,0.03017578125,6.07904037037037,1934.525,2006.425,0.4374755859375,29.15000000000115,18.236059444444443,0.275,3,963705.3305
1567453853,0.275,0.029150390625,6.578760033533668,2219.7,2751.875,0.4369384765625,17.200000000002547,19.734975100601,0.25,2,963705.3305
1567453870,0.275,0.029150390625,7.949026666666668,11619.475,7449.6,0.437451171875,62.649999999994925,23.845720625,0.25,2,963705.3305
1567453886,0.275,0.029150390625,12.165187499999998,10688.85,6430.9,0.4416015625,61.86666666666649,36.4941875,0.3,2,963741.0915
1567453902,0.275,0.029150390625,19.155,6773.225,3309.825,0.440576171875,93.60000000000014,38.31,0.275,2,963741.0915
1567453918,0.275,0.029150390625,18.395000000000003,2536.925,2386.325,0.438427734375,60.19999999999982,36.790000000000006,0.25,2,963741.0915
1567453934,0.3,0.03017578125,18.9,1916.825,1975.575,0.439111328125,58.250000000000455,37.8,0.275,2,963741.0915
1567453951,0.3,0.030859375,18.05,2195.75,2248.55,0.437548828125,59.60000000000037,36.1,0.25,2,963741.0915
1567453968,0.275,0.029150390625,15.639999999999995,1946.1,1994.7,0.4382568359375,58.775000000000546,31.279999999999994,0.25,2,963741.0915
1567453984,0.3,0.03017578125,9.04,2074.5,2100.05,0.4388671875,58.775000000000546,18.08,0.275,2,963741.0915
1567454000,0.25,0.028125,7.02,1969.525,2001.675,0.4373046875,58.45000000000028,14.04,0.225,2,963741.0915
1567454016,0.275,0.029150390625,7.21,1983.025,2036.05,0.4384521484375,58.32499999999982,14.42,0.25,2,850468.8615
1567454033,0.275,0.029150390625,7.334963000369996,2294.025,2291.675,0.4381103515625,59.824999999998454,14.669926000739991,0.25,2,963741.0915
1567454049,0.3,0.03017578125,7.125,1952.05,1945.25,0.438916015625,57.599999999999895,14.25,0.275,2,963741.0915
1567454065,0.25,0.028125,7.025,2100.45,2086.55,0.4365234375,58.62500000000182,14.05,0.225,2,963741.0915
1567454081,0.275,0.029150390625,6.994999999999999,2089.350000000001,2101.0,0.4376220703125,58.62500000000182,13.989999999999998,0.25,2,963741.0915
1567454114,0.275,0.029150390625,7.49,2230.575,2256.9,0.438232421875,59.92499999999836,14.98,0.25,2,963626.369
1567454130,0.275,0.029150390625,13.215053450534505,9191.775,5507.75,0.4396484375,85.85000000000036,26.43010690106901,0.275,2,963626.3690000001
1567454147,0.325,0.031201171875,12.898714375,11615.775,7961.675,0.4410888671875,80.17500000000837,25.79509375,0.325,2,963626.369
1567454163,0.275,0.029150390625,14.359023472222221,5980.25,4888.625,0.4390380859375,45.27499999999236,28.71570486111111,0.275,2,1924283.019
1567454179,0.25,0.028125,13.130797013888893,1748.65,1883.65,0.439208984375,45.27499999999236,26.25914041666667,0.25,1,1924283.019
1567454196,0.25,0.028125,12.9737540625,1714.8,1662.4,0.439013671875,83.6500000000069,25.94087125,0.25,1,1924283.019
1567454212,0.3,0.03017578125,12.665920624999998,1737.55,1345.7,0.440283203125,85.85000000000036,25.32692500000001,0.3,1,3089645.568
1567454228,0.3,0.03017578125,17.259999999999998,1590.3,1248.35,0.4419921875,100.0,17.259999999999998,0.3,1,3089645.568
1567454245,0.25,0.028125,9.04,1808.95,1456.65,0.439697265625,100.0,9.04,0.25,1,3089645.568
1567454261,0.35,0.0322265625,6.209999999999999,1708.95,1267.2,0.44365234375,100.0,6.209999999999999,0.35,1,3089645.568
1567454277,0.35,0.0322265625,6.459999999999999,1708.95,1267.2,0.44365234375,100.0,6.459999999999999,0.35,1,4251320.215
1567454294,0.25,0.028125,6.209999999999999,1908.5,1375.6,0.4400390625,100.0,6.209999999999999,0.25,1,4251320.215
1567454310,0.3,0.03017578125,6.209999999999999,1923.6,1356.9,0.441796875,100.0,6.209999999999999,0.3,1,4251320.215
1567454326,0.25,0.028125,6.909930900690992,1966.25,1371.85,0.439453125,100.0,6.909930900690994,0.25,1,4251320.215
1567454342,0.25,0.028125,7.1800000000000015,1889.1,1408.55,0.439892578125,100.0,7.1800000000000015,0.25,1,4251320.215
1567454358,0.25,0.028125,6.81,1889.1,1408.55,0.439892578125,100.0,6.81,0.25,1,4251320.215
1567454375,0.3,0.03017578125,7.1599999999999975,1918.5,1347.75,0.441357421875,100.0,7.1599999999999975,0.3,1,3536816.7789999996
1567454391,0.25,0.028125,7.12,1964.15,1389.25,0.440087890625,100.0,7.12,0.25,1,3536816.779
1567454408,0.3,0.03017578125,7.12,1891.4,1367.8,0.44248046875,100.0,7.12,0.3,1,3536816.7789999996
1567454424,0.25,0.028125,7.760077600776008,7953.45,3047.05,0.440234375,100.0,7.760077600776008,0.25,1,3536816.779
1567454440,0.25,0.028125,15.39,7953.45,3047.05,0.440234375,100.0,15.39,0.25,1,3536816.7789999996
1567454456,0.3,0.03017578125,20.39,14206.6,4463.3,0.44248046875,100.0,20.39,0.3,1,3536816.779
1567454473,0.3,0.03017578125,20.36,4485.1,2184.45,0.4421875,100.0,20.36,0.3,1,3536816.7789999996
1567454489,0.25,0.028125,20.36,1848.35,1374.5,0.439990234375,100.0,20.36,0.25,1,3536816.779
1567454505,0.3,0.03017578125,20.45,1961.4,1353.65,0.44111328125,100.0,20.45,0.3,1,3089645.568
1567454521,0.25,0.028125,19.89,1985.6,1380.6,0.43955078125,100.0,19.89,0.25,1,3536816.779
1567454538,0.25,0.028125,12.26,1985.6,1380.6,0.43955078125,100.0,12.26,0.25,1,3536816.7789999996
1567454554,0.25,0.028125,7.3,1878.5,1318.75,0.4396484375,100.0,7.3,0.25,1,4251281.8
1567454572,0.3,0.03017578125,7.17,1868.9,1344.15,0.442236328125,100.0,7.17,0.3,1,4251281.8
1567454588,0.25,0.028125,7.17,2121.25,1517.5,0.4400390625,100.0,7.17,0.25,1,4251281.8
1567454604,0.3,0.03017578125,7.09,1761.5,1327.45,0.44208984375,100.0,7.09,0.3,1,4251281.8
1567454620,0.3,0.03017578125,7.069999999999999,1761.5,1327.45,0.44208984375,100.0,7.069999999999999,0.3,1,4251281.8
1567454636,0.25,0.028125,7.04,1828.75,1296.55,0.4400390625,100.0,7.04,0.25,2,4251281.8
1567454653,0.3,0.03017578125,7.06,1980.9,1475.35,0.44189453125,100.0,7.06,0.3,2,4251281.8
1567454669,0.25,0.028125,7.06,1722.9,1273.65,0.4396484375,100.0,7.06,0.25,2,4251281.8
1567454685,0.25,0.028125,7.12,1832.25,1389.85,0.4392578125,100.0,7.12,0.25,2,4251281.8
1567454734,0.325,0.032568359375,10.624386666666666,5854.9,3515.35,0.4362548828125,79.09999999999674,21.254177083333328,0.275,2,2127248.3725
1567454750,0.275,0.029150390625,14.536210104166667,11040.475,6633.775,0.4357666015625,93.07499999999891,30.88531395833333,0.25,2,2150361.98
1567454767,0.275,0.029150390625,19.85538333333333,6908.049999999997,4366.15,0.43935546875,76.45000000000073,39.720027083333335,0.3,2,1793129.4695
1567454783,0.3,0.03154296875,20.130010416666664,2049.7,2067.95,0.43515625,59.850000000000016,40.265016145833336,0.225,2,1793129.4695
1567454799,0.3,0.03154296875,20.331039166666667,2049.7,2067.95,0.43515625,59.850000000000016,40.66637933333333,0.225,2,1793129.4695
1567454815,0.3,0.03017578125,21.47,2102.425,2076.675,0.437060546875,59.3,42.94,0.275,2,1793129.4695
1567454832,0.25,0.028125,16.794999999999998,1989.975,1941.775,0.43525390625,58.84999999999998,33.59,0.225,2,2100200.946
1567454848,0.3,0.03017578125,13.13,1839.825,1854.95,0.4372802734375,58.50000000000002,26.26,0.275,2,2100200.946
1567454865,0.25,0.028125,7.504922201555969,1850.525,1841.575,0.435693359375,58.32500000000003,15.009844403111938,0.225,2,1793129.4695
1567454881,0.25,0.028125,7.294963450365496,1850.525,1841.575,0.435693359375,58.32500000000003,14.589926900730992,0.225,2,1098344.071
1567454897,0.275,0.029150390625,7.264963450365496,2044.175,2074.175,0.436181640625,58.774999999999984,14.529926900730992,0.25,2,1978577.3445
1567454913,0.325,0.032568359374999994,7.19,1822.7,1828.725,0.4367431640625,58.675,14.38,0.25,2,1955639.917
1567454930,0.275,0.029150390625,7.185,2016.1,2031.925,0.436083984375,59.62499999999999,14.37,0.25,2,1955639.917
1567454946,0.25,0.028125,7.225,1883.15,1852.425,0.4359375,58.2,14.45,0.225,2,1955639.917
1567454962,0.3,0.03017578125,7.24007300146003,2056.675,2067.3,0.437841796875,59.72500000000004,14.480146002920058,0.275,2,1955639.917
1567454978,0.3,0.03017578125,7.17507300146003,2056.675,2067.3,0.437841796875,59.72500000000004,14.35014600292006,0.275,3,1955639.917
1567454995,0.25,0.028125,7.324999999999997,1967.325,1978.225,0.436279296875,58.54999999999997,14.65,0.225,3,1955639.917
1567455011,0.35,0.03313802083333333,7.56,2318.2833333333333,5238.666666666666,0.4344075520833333,66.15,15.12,0.26666666666666666,3,1955639.917
1567455044,0.2999958335416562,0.031086770856769662,14.457156947708173,9498.08848474243,7287.035161575254,0.4365812072352112,78.08368914887514,43.37927128643568,0.2666625002083229,3,1316981.8916666666
1567455060,0.3166625002083229,0.031770364606769665,18.773322833595827,11587.071818075765,8028.435161575254,0.4384855041102112,85.16702248220847,56.32612834679132,0.28332916687498955,3,1316981.8916666666
1567455076,0.2833333333333333,0.0294921875,20.38471415992378,5846.266666666666,4572.55,0.4383951822916666,59.20000000000318,61.16206228177629,0.2833333333333333,3,1316981.8916666666
1567455092,0.26666666666666666,0.02880859375,19.89954318804336,1831.8666666666666,2073.5666666666666,0.43439127604166666,44.23333333333338,59.70460279790949,0.2333333333333333,3,1316981.8916666666
1567455109,0.3,0.030631510416666667,20.05512041848547,2149.7833333333333,2380.2166666666667,0.435546875,45.766666666666616,60.17049962872674,0.25,3,1316933.667333333
1567455125,0.3,0.030631510416666667,18.54660490061766,2166.183333333333,2364.45,0.4354817708333333,45.58333333333335,55.63981470185298,0.25,3,669106.6393333335
1567455141,0.2833333333333333,0.030403645833333333,11.926666666666668,2173.866666666667,2388.7166666666667,0.4342447916666667,46.01666666666666,35.78,0.21666666666666667,3,669106.6393333335
1567455158,0.2833333333333333,0.02994791666666666,10.006666666666668,2149.25,2381.833333333333,0.4349446614583333,46.08333333333332,30.020000000000003,0.2333333333333333,3,669106.6393333335
1567455174,0.31666666666666665,0.03131510416666666,7.366666666666666,2262.7000000000007,2457.616666666667,0.43681640625,45.79999999999998,22.1,0.26666666666666666,3,669106.6393333335
1567455190,0.25,0.028125,7.496691533582003,2164.15,2372.616666666667,0.4341959635416667,45.733333333333384,22.490074600746013,0.21666666666666667,3,669154.8636666667
1567455206,0.2999950002499875,0.030175278345457725,7.4200952038081525,2032.7854048964216,2244.109959502025,0.43693937210691547,44.90139326367015,22.26028561142445,0.2666625002083229,3,669154.8636666667
1567455239,0.2666708335416771,0.028809062523438667,7.206666666666666,1893.7951247562376,2091.704706902012,0.4349844176779151,43.94859909662146,21.62,0.2333366668333417,3,609131.7763333332
1567455255,0.3,0.030631510416666664,7.253333333333333,2101.9833333333336,2313.3166666666666,0.43583984375,45.55000000000002,21.76,0.25,3,609131.7763333332
1567455271,0.2833333333333333,0.029947916666666668,7.12,2126.2166666666667,2383.5666666666666,0.4353515625,45.81666666666664,21.36,0.2333333333333333,3,609131.7763333332
1567455288,0.2833333333333333,0.0294921875,7.21,2098.0,2279.866666666667,0.436376953125,45.30000000000007,21.63000000000001,0.25,3,609131.7763333332
1567455304,0.25,0.028125,7.196666666666666,1996.9166666666665,2204.0166666666664,0.4346516927083333,44.33333333333332,21.59,0.21666666666666667,3,609002.6923333334
1567455321,0.2833333333333333,0.0294921875,9.4,3972.933333333333,3311.2,0.436083984375,43.34999999999686,28.20000000000001,0.25,4,609002.6923333334
1567455337,0.2999800039992001,0.030173769933513294,11.746617100495662,7878.1369926014795,5578.499376791308,0.43874032810625374,76.68608944877367,35.239851301486986,0.2999800039992001,4,609002.6923333334
1567455386,0.2875,0.0303466796875,16.384370937703117,1685.8,2028.875,0.434619140625,36.9375,65.53901492425378,0.2375,4,404618.679
1567455402,0.275,0.029150390625,16.38042557425582,1661.6375,2020.425,0.4345458984375,36.05000000000001,65.52324059189925,0.2375,4,460501.97825
1567455418,0.2875,0.0296630859375,16.422896155550625,1563.35,1904.5375,0.43507080078125,35.2,65.6936700041128,0.25,4,594428.25525
1567455435,0.2875,0.0301025390625,13.459124391743591,2033.9625,2321.5875,0.4409912109375,38.400000000000034,53.838685012288245,0.25,4,592355.0277499999
1567455451,0.3,0.030859375,9.218078126171848,2164.3625,2506.3875,0.4347412109375,38.612499999999926,36.87231250468738,0.2375,4,592355.0277499999
1567455467,0.275,0.029150390625,6.937482100178999,1779.175,2176.6,0.4348388671875,36.11250000000003,27.749928400715994,0.2375,4,592355.0277499999
1567455484,0.2875,0.0296630859375,6.33498537514625,1710.225,2278.3875,0.43544921875,35.175000000000125,25.339941500585,0.25,4,592355.0277499999
1567455500,0.3125,0.0310302734375,5.952530500610013,1706.85,2283.1875,0.43585205078125,34.9625,23.810122002440053,0.2625,4,687602.0942500001
1567455516,0.2624968751562422,0.02863734376757725,5.705030500610013,1571.3447265136747,2153.0249700015,0.4344428353533495,34.98859119544014,22.82012200244005,0.22499750012499373,4,687602.0942500001
1567455533,0.2874700153681781,0.0296600699051976,5.067400808961294,1300.3317810310216,1820.4316953878704,0.4350997473785249,33.02386681834097,20.26960323584517,0.2499693903369265,4,687602.0942500001
1567455549,0.2750281376619479,0.02949535298696913,4.785011400114001,1384.357435846131,2006.374338452304,0.43429021086832825,33.58750000000001,19.140045600456013,0.2250281376619479,4,687602.0942500001
1567455565,0.3,0.030859375,4.265,1393.1750000000006,1946.8,0.434814453125,34.31250000000002,17.06,0.2375,4,686835.537
1567455582,0.2874850029994001,0.03000337432513497,4.350010050100501,1772.6744201159768,2252.4008848230355,0.4348904266998163,36.054309138172435,17.400040200402003,0.2374875024995001,4,686835.537
1567455598,0.2875150030006001,0.03000639190338068,4.630010050100501,1838.038652730546,2311.1233596719344,0.4349948480907119,36.52078415683143,18.520040200402004,0.2375125025005001,4,686835.537
1567455614,0.275,0.029150390625,5.5175,1855.75,2223.675,0.435205078125,36.09999999999992,22.07,0.2375,4,686835.537
1567455631,0.2875,0.0300048828125,9.230152113924095,7324.5,6111.8625,0.4372802734375,66.14999999999914,36.92060845569638,0.275,4,686633.135
1567455647,0.2749625224865081,0.02914617440473216,14.1025,10866.885036478112,8681.253727763342,0.4380814968050421,78.85267589446256,56.41,0.2749625224865081,4,687430.7455
1567455664,0.2625450270162097,0.02864222439713828,19.442452650473488,7695.32233590154,6318.3643561136705,0.4374315629416713,67.75511556934029,77.76981060189397,0.2625450270162097,4,687430.7455
1567455682,0.3125,0.0313720703125,19.6775,2438.525,2595.2625,0.43699951171875,40.97499999999983,78.71,0.2625,4,687430.7455
1567455698,0.3125,0.0313720703125,19.54,1725.6124999999995,2086.0125000000007,0.4358642578125,35.8874999999999,78.16,0.25,5,687430.7455
1567455715,0.2625,0.0286376953125,19.032544675446754,1864.3625,2239.375,0.4339599609375,36.57500000000006,76.130178701787,0.225,5,687430.7455
1567455731,0.32,0.03154296875,16.05570942584426,2032.45,3651.48,0.434052734375,42.59000000000001,64.22283770337702,0.25,5,687430.7455
1567455764,0.27,0.0289453125,5.264539260112602,1857.36,2285.55,0.433759765625,31.919999999999966,26.32361630056301,0.23,5,550326.622
1567455780,0.3099970001499925,0.031132510757274637,5.7042633301158014,2182.8010239488026,2596.483355332233,0.4347222301970839,33.860802959852,28.523193525579003,0.2499975001249937,5,915292.5054
1567455796,0.2799970001499925,0.029355167007274637,6.1490746666666665,2366.5510239488026,2753.5933553322334,0.4344390270720839,35.150802959852086,30.74676916666667,0.2399975001249937,5,916871.2544
1567455813,0.2700030001500075,0.02921906544545977,6.506160620138799,2059.6124081204057,2471.810020501025,0.4337250168172471,33.7291624581228,32.53258976736066,0.220002000100005,5,916871.2544
1567455829,0.30000000000000004,0.03072265625,6.753321036805465,2235.99,2647.14,0.43439453125,34.60000000000012,33.76782435069399,0.24,5,916871.2544
1567455845,0.32,0.03181640625,6.9899999999999975,2150.12,2570.28,0.435126953125,33.639999999999915,34.95,0.25,5,916871.2544
1567455861,0.26,0.02853515625,7.19,1898.36,2303.48,0.4336621093750001,32.790000000000056,35.95,0.22,5,916866.596
1567455878,0.29,0.029765625,7.252000000000002,2003.58,2397.27,0.435146484375,33.61000000000001,36.26,0.25,5,916866.5959999999
1567455895,0.26,0.02853515625,7.099985700142997,2311.84,2705.06,0.433701171875,34.86000000000007,35.499928500714994,0.22,5,916866.596
1567455911,0.28,0.02935546875,7.143983580164198,2055.77,2461.24,0.434541015625,33.53,35.719917900820995,0.24,5,916825.9174
1567455927,0.28,0.02935546875,8.845983580164198,6690.369999999999,6164.8,0.4359765625,60.42999999999918,44.22991790082098,0.26,5,916826.7904
1567455943,0.28,0.02935546875,14.13,8675.18,7897.89,0.438212890625,65.10000000000346,70.64999999999998,0.29,5,915520.9086
1567455960,0.2799965001749913,0.029901994158104593,19.41,9476.468871056448,8540.239148042598,0.4368022843974989,68.3503289835541,97.05,0.2499975001249937,5,921163.835
1567455977,0.2800030001500075,0.029355770522901142,20.141958700413,8212.563305665284,7450.192407120357,0.43731882541392697,63.68947647382282,100.709793502065,0.2700030001500075,5,921163.835
1567455994,0.26,0.02853515625,20.116081520815204,1916.35,2369.36,0.43404296875,32.849999999999994,100.58040760407604,0.22,5,921163.835
1567456010,0.28,0.02962890625,20.054041100411002,1906.13,2348.63,0.4339453125,32.40000000000009,100.27020550205502,0.23,5,921163.835
1567456026,0.2899910013497975,0.02976471986233315,18.02,2073.6842948557714,2475.9365465180217,0.4346159443271009,33.32247462880559,90.1,0.2499925011248313,5,921163.835
1567456043,0.2699860018497475,0.028943844918577526,12.722,2041.9138698982674,2466.285595613113,0.4337869764426394,33.39412446382214,63.60999999999999,0.2299885015247913,6,921163.835
1567456059,0.2600025016251188,0.028535437682825862,8.447986180138196,1999.071925895124,2425.269692191555,0.4334710823965181,33.099157961235505,42.23993090069099,0.22000200130009506,6,524792.7578
1567456079,0.30000600060006,0.0304498223259826,6.72,2352.04402240224,2759.3857915791577,0.4350379696172742,34.76835683568349,33.6,0.25000500050005,6,524792.7578
1567456127,0.29999500049995004,0.030631007537267108,6.356462131781084,2240.532180948572,2666.8104347898543,0.4347421271870209,32.18469486384682,38.140492704690814,0.2583291670832917,6,525577.5896666666
1567456144,0.28333750041670835,0.029492656296879687,6.598232677250127,2336.9823690702397,2725.570498716538,0.4337474168966376,32.86533820048689,39.59177933725226,0.24167000033336666,6,524519.0291666667
1567456160,0.26666458343749483,0.028808359386718163,6.784075016959593,2132.417409962835,2575.67071313101,0.4334925034347241,31.19236829825192,40.70618201733675,0.2249983334166625,6,524558.4723333333
1567456177,0.2750050002500125,0.02937876955696743,6.858905494150072,2040.691256646165,2507.443699268297,0.43329983230932384,30.631941597079845,41.155677311846105,0.2250037501875094,6,436847.01233333326
1567456193,0.3083333333333333,0.03097330729166666,6.97829860057799,2019.325,2452.416666666667,0.43463541666666666,30.24166666666666,41.869791603467945,0.25,6,520444.4998333333
1567456210,0.26666666666666666,0.02926432291666666,6.941643234024324,2058.6916666666666,2516.333333333333,0.4330729166666667,30.791666666666625,41.649859404145936,0.2083333333333333,6,520444.4998333333
1567456226,0.2999975001249937,0.0304033943810622,8.11,4395.113368914887,4502.917308717897,0.4370162225124421,41.717319134042036,48.66,0.28333083345832705,6,520524.32950000005
1567456243,0.2833333333333333,0.0294921875,12.455,7785.875,7471.0,0.4364990234375,56.766666666665756,74.73,0.26666666666666666,6,520630.445
1567456259,0.2666691667916729,0.02880884522741762,16.0337779502795,8230.563782355784,7798.150017084187,0.4367549464712819,58.70800956714404,98.90016770167702,0.2583358334583396,6,520630.445
1567456275,0.2833333333333333,0.02972005208333333,17.72833708394167,7794.3,7266.341666666667,0.4357991536458333,56.20000000000202,106.36656437865005,0.25,6,520630.445
1567456292,0.2833333333333333,0.02972005208333333,19.42003288366217,3600.075000000001,3760.808333333333,0.4361653645833334,38.43333333333207,116.520197301973,0.25833333333333336,6,545337.0763333333
1567456308,0.2916545854370948,0.030060608936808144,19.375065067968027,1934.6628650506088,2401.989814266535,0.4352275698307061,30.27011316500761,116.25039040780815,0.24998833541626256,6,545328.426
1567456325,0.25833958510449484,0.028467500199255667,17.985031200312,1923.2102676808381,2376.1905538395645,0.4336533526655239,29.964529815450963,107.91018720187202,0.2166716680835959,6,520631.6226666666
1567456341,0.2916641667916604,0.0300615975060622,13.473309683569832,1882.0107186307348,2333.996848074263,0.4347131740092683,29.8507124643768,80.83985810141898,0.2416645834374948,6,520557.5275
1567456357,0.30833833358334584,0.030973810246501907,10.788317250833154,2026.8823553677685,2481.118393002984,0.435041414749774,30.89861243062159,64.72990350499893,0.2500041668750105,6,521279.61466666654
1567456374,0.2749975001249937,0.02915013917272886,7.749989233440999,2230.3374322950517,2635.032662116895,0.43419235532364003,31.750668716564174,46.499935400646,0.23333125010416145,6,521279.61466666654
1567456390,0.2833308334583271,0.029491936047728862,6.601634100543658,2321.287432295052,2744.424328783561,0.4342818735528067,32.5840020498975,39.609804603261935,0.2416645834374948,6,521279.61466666654
1567456406,0.2666604176040261,0.02880789073045293,6.763321566784332,1962.8781141162162,2404.7203936076253,0.4337782865285051,30.343695112399782,40.57992940070599,0.22499500074988749,7,521288.265
1567456423,0.2583408344585021,0.028467551382707405,6.91,1956.099798719808,2424.708626710673,0.4338487565126957,30.06457635311953,41.46,0.21667291760430726,7,521288.265
1567456439,0.26666666666666666,0.02880859375,6.918321733449331,2032.041666666667,2488.491666666667,0.43373209635416665,30.4583333333332,41.50993040069599,0.225,7,545144.6081666667
1567456455,0.27500000025,0.02915039065014648,6.933345500591343,2192.3339617805427,2637.583981885106,0.434008787796224,31.866686599000243,41.60007300354805,0.2333333335416667,7,545144.6081666667
1567456505,0.2857142857142857,0.029785156250000007,6.8784913239132415,2384.635714285714,2810.542857142857,0.4338169642857143,31.46428571428561,48.151215934059344,0.2357142857142857,7,467854.6808571429
1567456521,0.2928553572321384,0.029784955367187,8.202717557263714,3567.419642946424,3881.8092338240226,0.4344067715699037,34.357585335019394,57.42078331751266,0.2428553572321384,7,467920.62599999993
1567456537,0.25713928589284824,0.028417566984373994,10.94249493827081,5489.119859364175,5438.517362703294,0.4348361753229304,50.0365081745917,76.60038956789569,0.2428539287321348,7,467920.62599999993
1567456554,0.3071432147321437,0.03085938969325478,14.078602380952379,7123.379818801252,6972.637740343308,0.43579101171259416,52.44288886105479,98.55374833333336,0.2642860718035723,7,467957.2011428572
1567456570,0.2785710716249991,0.029687475607247424,16.1083543818924,7145.253600536599,7013.305322895479,0.4346400711094273,53.171412466231395,112.7630106732468,0.23571428585714285,7,468033.7351428572
1567456587,0.2999892875353661,0.03056532872670186,18.96,5362.012510449977,5397.130898875186,0.4372054752218211,47.201714017049426,132.72,0.278562501517567,7,468032.3547142857
1567456603,0.2928621443931376,0.029883400701656886,18.79571428571429,2702.3330855065133,3055.943376440829,0.4360374199655565,34.00545096662799,131.57,0.2642896440895099,7,468037.0167142857
1567456620,0.2571467859107241,0.02841838520497453,17.50142857142857,1992.1576489538766,2466.88807404656,0.43327209573369296,28.234526012014843,122.51,0.2142889287321509,7,468037.0167142857
1567456636,0.29285500010713744,0.030077899704345136,15.005714285714285,2104.585248237588,2560.7446099123613,0.4343440155698688,29.2077321133943,105.04,0.2428557143571393,7,468048.40057142865
1567456652,0.2714307143928625,0.02900412180207225,12.502857142857142,2236.393538248341,2672.6621256062813,0.4335131422447238,30.09941318494505,87.52,0.2285732143750045,7,447498.6438571429
1567456669,0.2928571430714285,0.030078115256417383,10.214299185849,1962.323353186165,2408.387529336094,0.4342355060288784,28.08573351178589,71.50009430094302,0.2428575001607152,7,447498.6438571429
1567456685,0.2999978572499946,0.030566180954345136,6.8628666858097125,2082.436957794968,2541.4611180155275,0.4344277209270117,28.593463183983626,48.040066800668,0.2428557143571393,7,447416.6575714286
1567456702,0.2714307143928625,0.02919943430207224,6.691438242953857,2025.280457237148,2495.249087454373,0.4335759198674219,28.742270684962932,46.840067700677004,0.22143035723214727,7,447415.126
1567456718,0.29285500010713744,0.03027321220434514,6.825238076199232,2007.1862153320903,2475.5529127115074,0.4341556781675426,28.472022827430173,47.77666653339464,0.2357128572142821,7,447415.126
1567456734,0.27142857160714284,0.029003906270089287,6.805723985811287,2254.1854972886067,2702.014875552966,0.4338378839578683,29.864281727017733,47.64006790067901,0.2285714287142857,7,447415.126
1567456751,0.3071457144285785,0.03066431711652547,6.864285700194143,2333.560603744473,2793.557452158322,0.4350338042153224,30.356571757159447,48.049999901358994,0.2571450001071482,7,447415.126
1567456767,0.2857153573750027,0.029785209983712462,7.062857142857142,2235.363660377356,2713.899226141052,0.4343401502819476,30.38570815748185,49.44,0.2357150001785732,8,447415.126
1567456784,0.26428785725000536,0.02871115305207224,7.241428571428571,2247.9513061367347,2690.255667783389,0.4334503625292872,30.14941639939132,50.69,0.22143035723214727,8,447415.126
1567456800,0.2857142857142857,0.02958984375,7.554264314499711,2399.2428571428572,2834.592857142857,0.43451450892857135,31.10000000000014,52.879850201497966,0.24285714285714285,8,253810.56671428576
1567456833,0.28750187696900786,0.029834156083552374,9.505792732075042,4800.646240404062,4803.830518779587,0.4342251969334182,44.218218638990095,76.69614419226906,0.2437521890783461,8,222510.732375
1567456849,0.2687518754687829,0.029065147143588675,11.022979898200667,6136.717702803448,6199.720983779794,0.4353176972161734,46.424667103352526,88.18903106060533,0.2437521879531586,8,222510.732375
1567456865,0.26874781276561954,0.0288938415803828,13.997664834544622,6311.697044335133,6419.208043990582,0.4355075254312981,46.231577763204854,111.98612596802366,0.2499978127343695,8,222494.5435
1567456882,0.29374031501503844,0.02991847803711145,16.819970798611113,6119.012376605747,6110.462925639189,0.43539899902786816,48.55794642235591,134.56509027777778,0.2624915646088853,8,222541.221
1567456898,0.2874868777181267,0.0298326473698407,17.907490299479168,5630.56410230915,5702.701452587339,0.4361015984813814,44.80239825805045,143.264016875,0.26248906476510553,8,222541.22100000002
1567456915,0.28751219054750554,0.02983529207239528,17.4398945877215,1857.225181595341,2359.743351037245,0.4342962898331284,26.06514565497685,139.52275270177202,0.24376000250051266,8,200221.0405
1567456936,0.2750018750937547,0.02932148621591236,14.6537677501775,1991.7631619080953,2492.1978558302912,0.4330288194097205,27.161991537076744,117.23014200142,0.2250012500625032,8,200221.0405
1567456953,0.28750000000000003,0.0296630859375,12.040014337643376,2205.0125,2688.43125,0.434234619140625,28.51250000000015,96.320114701147,0.24375,8,200260.007875
1567456969,0.26875,0.02889404296875,10.237501325273499,2154.8687500000005,2640.0125,0.4342590332031249,27.837499999999906,81.90001060218799,0.2375,8,200260.007875
1567456986,0.29375,0.03009033203125,7.97625,2152.2312500000007,2630.3375,0.43423461914062494,27.82500000000015,63.81,0.24375,8,200258.733375
1567457002,0.28123906632678564,0.02957640668051338,6.838750000000001,2378.778489716099,2854.551896523717,0.4338433821721968,29.609678799920264,54.71,0.2312412530614285,8,200258.733375
1567457018,0.2749890663267856,0.02914916058676338,7.08625,2235.097239716099,2720.995646523717,0.4336968977971968,28.65342879992005,56.69000000000001,0.2312412530614285,8,171998.39362500006
1567457051,0.28124593770311485,0.02957723817910667,7.228642495224711,2252.6192734113292,2732.623982238388,0.434009472011751,28.444791197940106,57.82913996179768,0.2312468751562422,8,161309.48412500005
1567457068,0.2999993751874984,0.030737270527099524,7.06242761987547,1958.6870593253427,2447.0433781587963,0.43757323208187865,26.82498901032805,56.49942095900376,0.24374968764062424,8,161264.18000000005
1567457084,0.2750031251562578,0.029150742205079006,6.973750000000001,2061.3940637656883,2536.433224473724,0.4339409371591626,27.06771088554428,55.790000000000006,0.23125250012500626,8,161264.18000000005
1567457101,0.2937481250937453,0.03009014344204665,6.7225087500875,1934.0944768386585,2404.571934215789,0.4343112489150933,26.269279036048182,53.7800700007,0.2437484375781211,8,161261.66275
1567457117,0.2812390639217117,0.02940561965449375,7.2875,2269.2131737111504,2725.431271624293,0.4351398880433946,29.32174710179461,58.3,0.249989688827968,9,161261.66275
1567457133,0.2875093758438297,0.029664029015541462,9.385,4972.787063370008,5001.958390836271,0.436146451422296,43.71073140284285,75.08,0.2625087507813234,9,161261.66275
1567457150,0.28125375018750937,0.029407115497376436,11.023745676149499,5999.101505700286,6040.750975361269,0.4375299154362016,44.32431715335757,88.18996540919598,0.27500406270313515,9,161308.38100000002
1567457182,0.28333638920834103,0.02964442874427709,14.417372297891248,5228.816303272152,5279.041788020661,0.4357035852830388,40.01605104549935,129.76047818102123,0.26111361143056183,9,123227.99522222222
1567457199,0.2833347222916701,0.02964425348003511,15.952427797413002,5046.420995494222,5160.221569134012,0.4352346081388271,38.63300387241683,143.57520517671696,0.25000111116666945,9,123227.99522222222
1567457218,0.28888750006944103,0.029871805563367663,15.432788425925928,2295.9116471954176,2784.5793876972816,0.4343346355360183,26.88936414290257,138.89822541666666,0.2388877778333305,9,130598.01444444446
1567457235,0.2833336112638896,0.029947935671956426,13.440383749383473,1806.293866610276,2331.083353080417,0.4334635305129394,24.544436619388858,120.96576879074176,0.22222222233333333,9,130600.25200000002
1567457251,0.2888891668194451,0.029720063492757187,11.872110221876286,2118.368399025407,2643.451703276518,0.43415799530358895,26.888899397361268,106.85223306169328,0.2444447223472229,9,130600.25200000002
1567457267,0.277779444527782,0.02926449056827841,10.443369200838234,2248.7233208882667,2725.4542838253024,0.4339542308061584,27.18287164358217,93.99032280754408,0.2333347222916701,9,130600.25200000002
1567457284,0.2777777777777777,0.029568142361111112,7.928912122919242,1975.15,2479.05,0.4335883246527778,25.40555555555553,71.36020910627319,0.22222222222222224,9,132946.9598888889
1567457300,0.29444444444444445,0.02994791666666666,6.3455488889555545,2026.15,2517.038888888889,0.4347439236111111,26.077777777777534,57.109940000600005,0.25,9,132937.52722222224
1567457316,0.2611097222916632,0.028580572924478773,6.8277711111777775,2217.239547189307,2686.113926248132,0.4331627469733284,27.244913865417928,61.4499400006,0.21666555561110834,9,132937.52722222224
1567457333,0.28888861129166593,0.029720040707438118,7.095635625107013,2402.3238865979897,2878.2234121993083,0.4343804095840793,28.372231899375066,63.86072062596312,0.2444441668194437,9,132937.52722222224
1567457349,0.27222027787499514,0.029036279305826376,7.187834768869992,2122.9765189518303,2636.4730463476826,0.4347143726798035,26.650455532778764,64.69051291982993,0.2388872223055514,9,132944.992
1567457366,0.27222361118055904,0.029188524313368443,7.1655234674702,2174.8912242834367,2671.5891341789315,0.4335798753370828,27.46066525548496,64.48971120723179,0.22222333338889166,9,132887.1442222222
1567457382,0.2999980556527729,0.03063133138915972,7.273333333333332,2126.444206400791,2625.907400185546,0.4350887208243753,27.011568310473464,65.46,0.2499983334166625,9,132900.09899999993
1567457399,0.2944444444444444,0.030099826388888886,7.458888888888887,2223.433333333333,2720.411111111111,0.4345269097222222,27.111111111111327,67.13,0.24444444444444444,9,132864.11966666664
1567457415,0.2666638891666389,0.029112100725691318,7.568897266750445,2235.2666844426667,2725.304462887045,0.4332091763696895,27.895351575953327,68.120075400754,0.21110888911108894,9,132864.11966666664
1567457431,0.2833352781805854,0.029492366577802444,8.379999999999999,4164.493667779441,4256.468373512018,0.4346269922475193,37.627341846312135,75.42,0.23889055588891386,9,132853.44600000005
1567457448,0.27777638895832985,0.029264166674478776,10.051099445210658,5131.116137804222,5199.814761484148,0.4350561942388991,38.43925248182106,90.45989500689592,0.2444433333888861,9,132867.72522222222
1567457464,0.26111416681945204,0.028581053076091305,11.81665173402399,5059.079352578739,5090.597719052619,0.43531839379512377,37.84373940919257,106.34986560621591,0.23889138901389514,9,132867.72522222222
1567457482,0.27777638895832985,0.029264166674478776,14.205441406024535,5135.863916248632,5203.108631512871,0.43630941092919306,39.56142970629232,127.84897265422084,0.2611094445277736,9,132877.20844444446
1567457498,0.2833336112638896,0.029492198909423856,15.917761289053773,5400.224592398728,5517.629804323908,0.4365342759599066,40.538900522360784,143.25985160148397,0.2666666668333333,9,130530.40300000002
1567457515,0.2666680556250035,0.028808750007812887,16.304339014274014,3837.083593068542,4150.091137334644,0.4348874078903599,32.95513636792944,146.73905112846612,0.2333347222916701,9,125667.67233333336
1567457532,0.27222055563888475,0.029036290698485907,15.326597290615284,2054.6896135748766,2594.75856234966,0.433851756305414,26.206020532306628,137.93937561553759,0.22777638895832986,9,132835.37588888887
1567457548,0.2777761111944403,0.029264155281819238,13.710030056493235,1853.1896135748766,2396.2085623496605,0.4341013222776361,25.000464976751232,123.39027050843909,0.23333194451388545,9,132827.47733333337
1567457565,0.2777744447499917,0.02926398766259682,11.677839857177489,2139.7807662473547,2643.650453612196,0.4339307307328438,26.48980574148847,105.1005587145974,0.2333305558055486,9,132769.62955555556
1567457581,0.2722222223611111,0.029188368071180564,9.46674035948934,2398.588869192875,2894.3727492854737,0.4346516945760091,28.222238010986253,85.2006632354041,0.2333333334444445,9,132769.62955555556
1567457597,0.28333638904167435,0.029796330853869082,7.566668044625777,2099.160325238484,2611.71173225328,0.4354377579447549,26.33796134251159,68.100012401632,0.2500025001250063,9,132769.62955555556
1567457614,0.2833316667499958,0.029687332365152575,6.956641979595102,2097.609086767884,2608.322385825153,0.4370906861557964,26.583783033070674,62.60977781635594,0.23888750006944096,9,132769.83511111108
1567457630,0.2944427778611069,0.029947749031819237,6.936667601588446,2330.792420101217,2827.116830269598,0.4351321358085741,27.71711636640368,62.430008414296005,0.2499986111805521,9,132769.83511111108
1567457646,0.27222361118055904,0.029036614591146225,7.152214866740223,2043.1070270180176,2554.004562728136,0.4342254911139655,25.92176858842969,64.369933800662,0.2277788889444472,9,132769.35699999993
1567457663,0.2888888888888889,0.029871961805555562,7.085555555555558,2049.5444444444447,2547.4222222222224,0.4356825086805556,26.13333333333322,63.77,0.25,9,169052.21922222222
1567457679,0.29999861118055204,0.03032753473003433,6.7755480111865545,1970.4431739524136,2493.060996672389,0.43508874388094826,25.57824442111197,60.97993210067899,0.24999888894444164,9,169052.21922222222
1567457699,0.27777777777777785,0.02926432291666667,6.872237700154778,2104.2833333333333,2600.05,0.4342230902777778,26.205555555555787,61.85013930139301,0.2333333333333333,9,169074.28
1567457715,0.2833316668888847,0.02964392200789344,7.125586490005583,2214.339186571695,2705.0205401224266,0.4345841884570659,27.572664378251012,64.13027841005024,0.2333322223888861,9,169074.28
1567457732,0.28333388922222363,0.0296441124471029,8.124470967595023,4395.225013264785,4511.9069151188105,0.4351183563326417,38.661125484612434,73.1202387083552,0.2444458336250035,9,169077.7465555555
1567457750,0.30000055588889024,0.030327706197102906,10.023321900322554,5132.686484598745,5121.4977254475625,0.4374783755924209,37.5888863195953,90.209897102903,0.28889027806944784,9,169122.76366666664
1567457766,0.2666625002083229,0.02880812502343633,11.616653233467664,5107.333981356488,5149.034207734057,0.4359953633177716,37.83437605897478,104.54987910120899,0.24999611130554586,9,143947.02755555554
1567457783,0.2777669493455624,0.029263382615569968,13.827762789038776,4858.203652252999,4868.1415737522275,0.4353555243597564,37.13511799302302,124.44986510134895,0.2444333382205617,9,143957.68766666664
1567457799,0.29998639365111096,0.030174528433277517,15.524427189061447,4753.6337129227,4814.311788374071,0.4367233143746911,36.330240526927284,141.68484470155298,0.2722086158733332,9,144041.8728888889
1567457816,0.27223472673789306,0.0290378650913463,15.427810844775115,3574.8843677228992,3868.9684474894457,0.435856259793901,31.20212628434209,138.85029760297599,0.25001222672400353,9,144097.95211111108
1567457832,0.2777763889583299,0.029264166674478776,14.087810844775115,1640.5673058013767,2181.530279597131,0.4345353573792664,23.51713303223711,126.79029760297605,0.2388877778333305,9,144097.95211111108
1567457849,0.2666638890277709,0.02880828126562422,12.592235755973336,2012.0280772072504,2552.5929400752184,0.4339090402250721,26.056481620363034,113.33012180376,0.2222200001111056,9,144098.74888888892
1567457865,0.29444638915278265,0.0299480957288416,10.942221444690222,2581.8317989419957,3063.673566045169,0.4350772904015088,29.344042156721304,98.47999300221201,0.250001666888893,9,132879.52144444446
1567457881,0.2722227780833347,0.029036481152181045,9.082253355866893,2406.1952877927106,2888.0441228436243,0.4342719470964085,28.105595466833638,81.74028020280205,0.2277783335833347,9,143911.04599999994
1567457898,0.2722225001805563,0.02903646974389652,7.529897739468964,2197.0884514712907,2700.004399337442,0.4342176819909126,26.95001106513885,67.7690796552207,0.22777805570833404,9,143915.76955555554
1567457914,0.2777808334861188,0.029264646826091305,6.978880700081887,2053.131321010495,2608.939090565639,0.4345914124590777,26.410198287692147,62.809926300737,0.23333583345833955,9,143938.0341111111
1567457930,0.2833363890416743,0.029644421131646864,7.194364425455599,2139.6979876771616,2646.5557572323064,0.4342658916257445,26.24908717658068,64.7492798291004,0.23333583345833955,9,143938.0341111111
1567457947,0.2722208334027744,0.02903630209114544,7.301037681117928,2182.475374286841,2690.3109922281665,0.4340036692826817,26.75600275541821,65.70933913006135,0.2277766667222194,9,143938.0341111111
1567457964,0.2666611118054583,0.028807968828114063,7.021110477938112,2044.1867250904565,2547.251396209664,0.4335732960138836,26.035155328642965,63.189994301442994,0.2222177783332556,9,143938.0341111111
1567457980,0.277773611902684,0.02926385425373295,7.0433174779363314,2356.813126221578,2856.651613928665,0.4342972745419657,28.262475029127607,63.38985730142697,0.2333300006388139,9,125496.65111111113
1567457996,0.2666722229167639,0.028809218828135936,6.980811789291129,2161.176268758193,2668.923909084388,0.4338854713073105,26.61482004700928,62.82589985362018,0.22222666722229997,9,161454.4635
1567458015,0.2666694445833403,0.02880890626562578,6.694109021930826,1988.3206068636764,2505.833980310127,0.4340380099517129,26.00461578634509,60.245522284173326,0.22222444455556112,9,161427.371875
1567458031,0.2874981250937453,0.02966289734829665,6.052783752832916,891.4432943977803,1540.688830558472,0.4356906449721459,13.266700785402227,54.47337041410688,0.2562484375781212,9,161407.06824999998
1567458048,0.2812481250937453,0.02940654969204665,5.520263526532881,1184.38704439778,1833.445080558472,0.4342746293471459,11.561145229846645,49.680186113795926,0.2312484375781211,8,161407.06824999998
1567458064,0.2750003126718758,0.02932131044345098,6.2081107779171125,3725.4150951833667,3973.85893477871,0.4343200704604797,26.371776600138983,55.871247001254,0.225000000125,8,161400.94087499994
1567458080,0.2687496876718742,0.02889403016958615,8.725011362613628,5121.251442832817,5087.2959621201,0.4348510604515991,36.71618605452547,69.800090900909,0.2312496876406242,8,161425.98849999998
1567458130,0.28125,0.02940673828125,14.102521689775658,4763.80625,4785.76875,0.436114501953125,37.862500000000665,112.8201735182053,0.25625000000000003,8,120547.93187499998
1567458146,0.26875,0.02889404296875,15.057500812876873,2606.3124999999995,3017.025,0.434930419921875,31.74374999999998,120.46000650301501,0.23125,8,120547.93187499998
1567458163,0.2687484375781211,0.028893867196288617,14.16875,2045.643137843108,2547.4272355132252,0.4344028129404077,27.0317662241888,113.35,0.22499875006249687,8,161449.767375
1567458179,0.2624906265934453,0.02863675247961413,12.028750000000002,2164.7346371171247,2637.774475002817,0.4339280757327895,27.85259174541241,96.23,0.21874218882787114,8,189728.566
1567458196,0.2937525014377407,0.029919759680996427,10.44875,2429.3173091766744,2879.5104686428385,0.4351921646077041,29.87398360665609,83.59,0.2500018761564423,8,189728.56600000002
1567458212,0.2562550002500125,0.028381887844392217,8.805,2078.325078753938,2541.6990021376073,0.4335591495761311,27.642216485823873,70.44,0.21250406270313515,8,161449.767375
1567458245,0.275,0.029150390625,7.095000125178499,2121.8375,2622.4,0.43433837890625,27.69999999999981,56.760001001428,0.23125,8,120496.466
1567458261,0.2624881270933735,0.028636426617055094,7.095008700087003,2015.0138856263013,2544.418609527732,0.4340752691942539,27.434904971151234,56.760069600696,0.2187403142028196,8,248418.310375
1567458278,0.2812503149220446,0.029406751343187182,7.1525,2073.6705206769393,2572.6819522978767,0.4347473243935703,28.081196821076823,57.22,0.2375003145157665,8,248418.310375
1567458294,0.2687565632969852,0.028894758999676643,7.05,2242.35522282698,2716.318056943925,0.4343675214946657,28.510451306385807,56.39999999999999,0.2250053131407133,8,248418.310375
1567458310,0.28125,0.02940673828125,7.1575,2059.30625,2546.78125,0.43489379882812507,27.593749999999773,57.26000000000001,0.2375,8,248420.859375
1567458327,0.26873406891902396,0.028892273059890495,7.526259187591876,3486.732624677209,3790.2910828554773,0.4343418149951961,33.34800609287323,60.21007350073501,0.224987192638344,8,248430.170375
1567458344,0.2687250114014083,0.02889123175140844,9.644988550362001,4787.974437140884,4873.865020820711,0.4352655574695485,36.650239535261115,77.15990840289598,0.2374800091211267,8,248604.25175
1567458360,0.29377938759916955,0.030093436995838743,11.816249999999998,5216.3758028067405,5201.370945314999,0.4360203184730799,38.443449390411814,94.53,0.2562740728325746,8,248543.58725
1567458376,0.26251250500200074,0.028639102125225087,13.24625,5159.9260904361745,5155.344707883153,0.4343905530962385,38.49698629451861,105.97,0.21876000400160064,8,248540.32850000003
1567458393,0.28750000000000003,0.0296630859375,13.622605985059984,3507.9125,3824.9687500000014,0.43521728515625,27.34999999999943,108.97743538047987,0.24375,8,248586.980625
1567458409,0.2571428571428571,0.02841796875,13.111325393206096,1001.2785714285714,1629.9714285714285,0.4330775669642857,12.599999999998774,104.88513009009321,0.2071428571428572,8,283650.93899999995
1567458426,0.2785714285714286,0.029296875,11.570799157647462,970.6071428571428,1606.4714285714285,0.4345563616071429,14.050000000000296,92.5612082611797,0.2357142857142857,7,283650.3408571429
1567458442,0.2928550001071375,0.02988259696948188,9.334000156378123,1774.2593016777732,2266.4840197275853,0.43545308713916986,28.50677716114173,74.66795937602502,0.2499982143749956,7,283844.5855714286
1567458459,0.2642853573392848,0.028906225607247427,7.30091484375,1780.478164798606,2299.5992863040874,0.4341517832330845,28.474994634452795,58.35252809505239,0.21428571442857144,7,283844.5855714286
1567458475,0.2928592858214339,0.02988302805207225,6.112749678326763,2182.9715628638573,2651.768569499904,0.4352081886320879,29.477975684499146,42.78924774828735,0.2500017858035759,7,283793.5481428571
1567458491,0.2785696429464241,0.029491986617187,5.36284932864957,2244.036317826966,2727.239144828473,0.4344904919235065,30.322032112679953,37.539945300547,0.228570000071425,7,283793.5481428571
1567458507,0.30000250012500623,0.0301760114512422,5.875722786152148,2130.9882233397384,2602.378280699749,0.4356755543552847,29.663707828248693,41.130059503065034,0.25714500010714825,7,283793.5481428571
1567458524,0.28571678583929194,0.029590073951242205,6.858602400529152,2224.345366196881,2681.6068521283205,0.4351523958731419,29.906564971105453,48.01021680370406,0.242859285821434,7,283793.5481428571
1567458540,0.2642839286607099,0.028710736617187,6.985714285714287,2233.7202554158007,2690.030365981701,0.4341417202995877,29.76487211353659,48.9,0.22142714292856785,7,286895.3887142857
1567458557,0.3071403572678509,0.030468519821776768,7.074285714285714,2114.598844700622,2596.43002099895,0.4359971614979519,29.26487425628737,49.52,0.26428357153570897,7,286895.3887142857
1567458574,0.2642892858928661,0.028711339305804575,7.042948964670672,2099.04316822984,2582.959360110863,0.4342277182916065,29.33452779781825,49.3006427526947,0.2214314287142929,7,286895.3887142857
1567458590,0.2857160715178616,0.029590044652902287,6.8828463005164195,1999.7302404405937,2463.848828870015,0.435138413937996,28.37799175673086,48.179924103614944,0.2428585715000036,7,286895.3887142857
1567458607,0.2714264286785661,0.029003690719481882,6.858581485814859,1987.9285578578213,2467.816837372417,0.434511409892675,28.493451755983862,48.01007040070401,0.2285696429464241,7,286886.15699999995
1567458623,0.27143035723214737,0.029004107152902286,7.4114394001082875,2867.23903802333,3220.328784653518,0.4345385234524004,29.049441400642,51.88007580075801,0.2285728572142893,7,286694.03342857136
1567458640,0.28571250008928123,0.029589642867186995,9.759956072746393,5087.4786792803225,5146.2223174555575,0.4358158002395639,38.057559264892895,68.31969250922472,0.2571410715178527,7,286730.32371428557
1567458656,0.27142821448214194,0.02900389162238417,11.06135290195266,5565.388876376776,5464.3725120052,0.4355120092396415,39.978596742337906,80.25934661490561,0.2428571430357143,7,286730.32371428557
1567458672,0.2857142857142857,0.029506138392857144,13.159982328748141,5625.9857142857145,5536.6285714285705,0.4419642857142857,40.8357142857145,92.11987630123699,0.2928571428571428,7,286770.16628571425
1567458689,0.2785714285714286,0.029296875,14.532919373295483,5449.000000000001,5393.35,0.4389229910714285,40.37857142857271,101.73043561306841,0.2857142857142857,7,286907.9838571429
1567458706,0.2857071440355679,0.02978447068263742,16.389999999999993,4258.723923012167,4369.565140375479,0.4370232494917315,40.72306685657172,114.73,0.2642792868569982,7,286907.9838571429
1567458722,0.29286107251799554,0.030078531777532086,14.921970456739276,2009.883890489321,2498.6903955529474,0.4349043821333632,21.719882182973965,104.45019465550828,0.2428607151786875,7,313586.93383333326
1567458738,0.29166958468765725,0.029834253067154436,12.918430079365079,903.6079888150456,1553.06923412314,0.4353389416080147,18.63544104788856,90.4244752777778,0.2500025011251313,6,313611.5248333333
1567458755,0.27500458356251145,0.029150876489136963,10.88099523141378,1935.818161741421,2554.869864326549,0.434496151890928,27.94210206257027,76.16283349657363,0.2333370835208427,6,313611.5248333333
1567458771,0.2749975001249937,0.02915013917272886,9.073744981218525,1928.173621318934,2432.051818659067,0.4348840716330069,31.293871734985128,63.51269778519632,0.23333125010416145,6,313611.5248333333
1567458788,0.2916616669166541,0.029833481470457723,6.9492954761904775,2079.9588549739183,2536.740184657434,0.4356210098837506,32.01590956166473,48.64093958333333,0.24999583354165625,6,313617.8053333334
1567458804,0.2666662502291656,0.0288085766844482,5.453341900085668,1955.2276978615273,2423.8695425571946,0.4358236055072836,30.26669493033354,32.72005140051401,0.24166708356250105,6,313727.0666666667
1567458821,0.26666291772903233,0.02880814220787055,6.205019933732007,2020.481864844588,2487.371727361261,0.4348560674810274,30.24304631721155,37.23011960239205,0.22499708418739275,6,313727.0666666667
1567458837,0.2833383338333833,0.029492690479985494,6.471666666666668,2154.788508850885,2625.60699319932,0.4353181200281486,31.123600693403358,38.83000000000001,0.2416708337500417,6,282358.45116666664
1567458856,0.2666687501041719,0.028808828136719325,6.470021133756008,1829.6658066236648,2310.8212618964285,0.4349319878917123,28.94930079837307,38.61012680253605,0.2250016667500042,6,282350.8503333333
1567458872,0.2833333333333333,0.0294921875,6.513344216775501,1976.108333333333,2475.308333333333,0.4352213541666666,30.76666666666635,39.08006530065301,0.2416666666666667,6,282194.8228333334
1567458889,0.26666666666666666,0.02903645833333333,6.483311667099992,2051.691666666667,2509.733333333333,0.4344075520833333,30.591666666666693,38.899870002599954,0.21666666666666667,6,282194.8228333334
1567458909,0.29166666666666663,0.029833984375,6.5499890501095,2071.8416666666667,2527.3166666666666,0.43568522135416665,30.90000000000032,39.299934300657,0.25,6,282194.8228333334
1567458926,0.2833308334583271,0.029491936047728862,7.454985500643991,3573.989246371015,3839.992805359732,0.4353398020203157,35.48399246704136,44.729913003863935,0.2416645834374948,6,282194.8228333334
1567458942,0.29166666691666665,0.029833984400146483,10.245016600166,5597.884102651189,5606.41519811637,0.4359212324589844,41.12502245016893,61.47009960099601,0.2500000002083333,6,282200.68616666674
1567458959,0.2750020834375052,0.029150625011719337,12.514871603851885,6172.532907478707,6053.573583262498,0.4356156125677378,43.79952247612604,75.08922962311131,0.24166875010417185,6,282087.348
1567458975,0.2833287502291552,0.029491701684447032,14.336581319792097,6088.202954018965,5987.85315359232,0.4367684801795066,43.17593328666706,86.01948791875256,0.258329583520824,6,282202.4726666666
1567458991,0.2833358334583396,0.029492438977417625,16.177525533588668,5865.619880577362,5812.761617247529,0.4373896941917409,43.44953456006199,97.065153201532,0.2666687501041719,6,282210.0035
1567459008,0.2666641667916604,0.028808342297728863,17.30669530028634,3102.8829416862486,3437.069066130027,0.43604781227409983,36.47569913170968,103.840171801718,0.2416645834374948,6,282366.031
1567459041,0.2833354167708385,0.02949242188671933,13.946666666666665,2361.5265363268163,2818.923359084621,0.4355830389175709,32.78264496558174,83.68,0.2416683334166708,6,282366.031
1567459057,0.26666666666666666,0.02880859375,12.140070605981721,2327.2333333333336,2813.991666666667,0.4346842447916667,32.858333333333576,72.83789113589033,0.2250000000000001,6,279447.88749999995
1567459073,0.29,0.029765625,9.391425474566118,1508.45,1986.34,0.43626953125,28.05000000000025,56.34618840295226,0.25,6,240518.16280000005
1567459090,0.28,0.02935546875,7.24918,773.52,1434.25,0.4357421875,14.441666666666984,43.493137777777775,0.24,5,240519.8338
1567459106,0.29,0.0300390625,5.010020803146436,1197.97,1829.55,0.435458984375,19.983333333334105,30.058772735545286,0.24,5,240519.8338
1567459123,0.28,0.02962890625,4.591579027777779,1797.49,2294.67,0.43474609375,29.63333333333291,27.5480625,0.23,5,240519.8338
1567459139,0.2999880023995201,0.030291761960107976,4.886,1962.7425414917013,2455.6917476504696,0.481349763250475,32.54330333933255,24.43,0.2799900019996001,5,240519.8338
1567459156,0.2699880023995201,0.02894410571010798,4.976,2158.0725414917015,2584.46174765047,0.4354317945004749,33.87330333933248,24.88,0.2299900019996001,5,240519.8338
1567459173,0.2900100020004001,0.029766750225045005,5.603989700102998,2494.278131626325,2926.366957391478,0.4363845093237397,36.89684936987406,28.019948500515,0.25000800160032005,5,199718.84920000003
1567459190,0.29,0.030312500000000006,6.333987060129397,2309.0,2771.49,0.435263671875,34.75999999999931,31.669935300647,0.23,5,199718.84920000003
1567459206,0.28,0.02935546875,7.160028880577612,2101.11,2545.05,0.43556640625,33.340000000000146,35.800144402888066,0.24,5,199709.9772
1567459223,0.29,0.029765625,8.394,3731.87,3922.68,0.436044921875,36.12999999999829,41.97,0.25,5,199707.75320000004
1567459239,0.28,0.02962890625,10.877979100208998,4981.13,4993.09,0.43525390625,45.39999999999782,54.38989550104499,0.23,5,199707.75320000004
1567459255,0.29,0.029765625,12.771999999999998,6835.610000000002,6623.4900000000025,0.43740234375,47.06000000000176,63.86,0.27,5,199707.75320000004
1567459272,0.28,0.02935546875,15.054030300303006,7081.92,6772.05,0.438681640625,49.01999999999862,75.27015150151502,0.28,5,199707.885
1567459288,0.28,0.02935546875,17.340066620666207,5626.150000000002,5577.7,0.436484375,45.369999999999436,86.70033310333103,0.25,5,200037.587
1567459305,0.31,0.0305859375,17.85196600034,3218.910000000001,3520.3900000000012,0.437705078125,41.259999999999316,89.25983000169998,0.28,5,193387.2876
1567459321,0.259990001249825,0.02853403139060532,16.698,2055.8221802855765,2529.9338902411223,0.4346994889794579,32.873346581458954,83.49,0.21999200099986,5,193387.2876
1567459337,0.2800065014751963,0.02935609292331068,15.014000000000001,2219.201413486784,2670.062673751745,0.4356044006083878,34.01840409372329,75.07,0.2400055012251638,5,193387.2876
1567459354,0.3000035001750088,0.030449541031739087,12.52,2247.8789114455726,2712.966538826941,0.4359418752187609,34.589203960197246,62.6,0.2500030001500075,5,193387.2876
1567459370,0.28,0.02935546875,10.514,2135.48,2587.77,0.435693359375,33.42000000000053,52.56999999999999,0.24,5,193387.2876
1567459386,0.29,0.029765625,7.585941601434762,2106.17,2565.86,0.43595703125,33.279999999999745,37.929708007173794,0.25,5,200364.64400000003
1567459403,0.28,0.02935546875,6.3031049476276015,1356.8200000000004,1979.16,0.435810546875,19.999999999999545,31.513187238138,0.24,5,245526.9374
1567459420,0.325,0.031201171875,5.5433528333333335,681.3125,1333.0875,0.43741455078125,14.330000000001291,27.71530430555556,0.2875,4,305734.255
1567459436,0.2875,0.0296630859375,4.950262933429334,821.6125000000003,1483.4875,0.4357421875,15.010000000001128,24.74996258381333,0.25,4,305367.79075
1567459453,0.2750031251562578,0.029150742205079006,4.5772337170506585,1985.0316765838293,2485.545162258113,0.4353570388480361,30.459835491773713,22.88438629358663,0.23750312515625785,4,305367.79075
1567459469,0.3124956252187391,0.031127504904051674,4.476163550383992,2105.877059897005,2522.7056109694518,0.4877848917612713,38.387500000000045,22.37931316858663,0.27499562521873905,4,304550.7445
1567459485,0.275,0.029150390625,4.997535701071032,2073.125,2464.7375,0.43553466796875,37.58750000000021,19.99014280428413,0.2375,4,304550.7445
1567459502,0.3,0.03017578125,5.464972875271248,2055.0875,2468.575,0.4383544921875,37.312500000000455,21.85989150108499,0.2875,4,330090.242
1567459518,0.2875,0.0296630859375,6.21750382531075,2089.0125000000007,2488.725,0.4379638671875,37.63750000000016,24.870015301243,0.275,4,330090.24199999997
1567459535,0.2875,0.0296630859375,10.129973300266998,5670.5375,5475.1375,0.436181640625,52.57500000000049,40.519893201068,0.25,4,330102.86625
1567459551,0.2874968751562422,0.029809218767577243,13.084941875581244,7635.453087970602,7236.6478432328395,0.4443060317687241,53.55052122394126,52.339767502324975,0.2874962501874906,4,331163.79
1567459567,0.2750037501875094,0.029150767841126437,15.9175362503625,7744.309981124056,7437.658001650083,0.4373711611605971,54.9369430971535,63.67014500145,0.26250312515625784,4,331059.7845
1567459600,0.2875,0.0296630859375,19.10489980489887,3888.2375,4014.475,0.4362915039062501,40.83749999999952,76.41959921959548,0.25,4,331440.446
1567459617,0.2875,0.0296630859375,18.764856105335863,2166.4,2601.825,0.4362548828125,37.92500000000018,75.05942442134345,0.25,4,331440.446
1567459633,0.275,0.029150390625,15.764963975360244,1970.8125,2395.2875,0.43546142578125,36.5625,63.059855901440976,0.2375,4,331440.446
1567459650,0.3,0.03017578125,13.784996150681998,1982.7625,2415.2375,0.43648681640625,37.62499999999989,55.13998460272799,0.2625,4,331440.446
1567459666,0.2875,0.0296630859375,10.064999999999998,2176.4,2615.8625,0.43739013671875,38.16250000000025,40.25999999999999,0.275,4,331440.446
1567459682,0.25,0.028125,6.999926351868948,2238.025,2623.7,0.4360595703125,38.40000000000032,27.99970540747579,0.2375,4,331440.446
1567459699,0.2625,0.0286376953125,6.867483825161749,2142.1625,2536.5625,0.43489990234375,37.724999999999795,27.469935300646995,0.225,4,331440.446
1567459715,0.3,0.03017578125,6.9525678016875485,1998.5,2459.5125,0.4364990234375,37.500000000000576,27.810271206750198,0.2625,4,330274.19775000005
1567459731,0.3,0.03017578125,7.0800173251732526,2288.625,2718.2875,0.43665771484375,39.012500000000045,28.32006930069301,0.2625,4,330274.19775000005
1567459748,0.26666666666666666,0.02880859375,6.204108283696676,659.1666666666667,1229.4,0.43580729166666665,19.42499999999825,24.815193312124467,0.2333333333333333,4,439199.2503333333
1567459765,0.26666666666666666,0.02880859375,5.265211581126779,657.0333333333333,1287.95,0.43577473958333335,15.750000000001025,21.05951739132045,0.2333333333333333,3,439199.2503333333
1567459781,0.2833333333333333,0.0294921875,4.691180536758643,1135.9333333333334,1576.1333333333332,0.4363932291666667,30.27500000000202,18.762537092408213,0.25,3,318476.0216666667
1567459797,0.26666666666666666,0.02880859375,4.47978655251224,1997.8833333333328,2397.883333333333,0.4359049479166667,34.500000000001585,17.916708466274578,0.2333333333333333,3,439199.2503333333
1567459814,0.26666666666666666,0.02880859375,5.359999999999999,2008.083333333333,2341.2833333333333,0.435791015625,44.61666666666664,16.08,0.2333333333333333,3,439199.2503333333
1567459834,0.2833333333333333,0.0294921875,8.466642866904664,6537.3166666666675,6108.366666666668,0.438671875,62.950000000003,25.399928600714002,0.2833333333333333,3,439199.2503333333
1567459850,0.2833333333333333,0.0294921875,12.516666666666666,9441.4,8610.483333333334,0.4405598958333333,65.93333333332794,37.55,0.3,3,439199.2503333333
1567459866,0.25,0.028125,18.343333333333334,9142.016666666666,8291.05,0.4364583333333333,65.15000000000175,55.03,0.2333333333333333,3,439199.2503333333
1567459883,0.26666666666666666,0.02880859375,20.437003016817503,4753.316666666667,4602.466666666667,0.43732096354166666,61.33333333333288,61.311009050452526,0.25,3,439223.5406666667
1567459899,0.2833333333333333,0.0294921875,20.56319653606928,2643.85,2839.7666666666664,0.43626302083333335,47.51666666666628,61.689589608207854,0.25,3,345245.02266666666
1567459916,0.2833333333333333,0.0294921875,20.36652986940261,2564.833333333333,2906.0333333333333,0.4359375,47.91666666666743,61.09958960820784,0.25,3,174445.329
1567459932,0.25,0.028125,17.176729900632342,2048.4666666666667,2420.95,0.4351725260416667,44.38333333333276,51.53018970189702,0.21666666666666667,3,174445.329
1567459948,0.3,0.03017578125,13.756666666666666,2206.5333333333333,2543.7,0.4368489583333333,45.650000000000546,41.27,0.26666666666666666,3,174402.10966666663
1567459965,0.26666666666666666,0.02880859375,8.919999999999998,2185.183333333333,2485.75,0.435693359375,45.56666666666767,26.76,0.2333333333333333,3,174402.10966666663
1567459981,0.25,0.028125,7.373333333333332,2034.9,2377.516666666667,0.43556315104166665,44.56666666666706,22.12,0.21666666666666667,3,174402.10966666663
1567459997,0.26666666666666666,0.02880859375,7.38,2296.5000000000005,2589.4666666666667,0.436279296875,46.13333333333306,22.14,0.2333333333333333,3,174402.10966666663
1567460014,0.2833333333333333,0.0294921875,7.240048000960018,1979.35,2359.15,0.4371744791666667,44.39999999999978,21.720144002880048,0.25,3,177269.18899999995
1567460030,0.26666666666666666,0.02880859375,7.090833333333332,2170.083333333333,2507.733333333333,0.4357421875,44.9666666666667,21.269634518274085,0.2333333333333333,3,169168.26866666667
1567460047,0.2833333333333333,0.0294921875,7.196544839424695,2182.483333333333,2496.016666666667,0.4388346354166667,45.366666666666326,21.58963451827409,0.2833333333333333,3,169168.26866666667
1567460064,0.26666666666666666,0.02880859375,6.915942333576663,2025.25,2356.35,0.43601888020833335,44.99999999999925,20.746485334063326,0.2333333333333333,3,247845.1165
1567460080,0.25,0.028125,6.151681481481483,1638.7666666666669,2195.0333333333333,0.43525390625,23.816666666667363,18.453022222222227,0.21666666666666667,3,247845.1165
1567460097,0.275,0.029150390625,5.402884551225358,565.1,1122.875,0.437841796875,19.7666666666684,16.20744032034274,0.25,3,247845.1165
1567460113,0.275,0.029150390625,4.606204513888889,484.475,1159.25,0.437255859375,13.983333333331606,13.817324583333333,0.25,2,247522.921
1567460129,0.275,0.029150390625,5.375099999999999,7070.325,6246.875,0.43818359375,50.116666666665424,16.122972499999996,0.275,2,247522.921
1567460146,0.275,0.029150390625,13.030288764438223,11736.125,10049.425,0.4392578125,79.05000000000426,26.060577528876447,0.275,2,247522.921
1567460162,0.275,0.029150390625,18.55509775097752,9175.025,7755.125,0.436962890625,75.27500000000146,37.11019550195503,0.25,2,197520.1705
1567460178,0.275,0.029150390625,19.42509775097751,9175.025,7755.125,0.436962890625,75.27500000000146,38.85019550195502,0.25,2,197520.1705
1567460195,0.3,0.03017578125,20.65510137579988,1898.3,2078.25,0.4384033203125,58.57500000000073,41.31020275159976,0.275,2,197805.9305
1567460212,0.275,0.029150390625,21.18,2015.475,2206.525,0.4380615234375,58.125,42.36,0.25,2,197805.9305
1567460231,0.25,0.028125,17.747500000000006,2155.725000000001,2362.525,0.436669921875,59.70000000000028,35.49500000000001,0.225,2,197842.366
1567460247,0.3,0.03017578125,13.594937800621992,1950.675,2160.5,0.4383544921875,58.67500000000064,27.189875601243987,0.275,2,197842.366
1567460264,0.275,0.029150390625,8.145,2082.325,2288.025,0.4375,59.44999999999936,16.29,0.25,2,197842.366
1567460280,0.275,0.029150390625,7.290109503285098,2082.325,2288.025,0.4375,59.44999999999936,14.580219006570196,0.25,2,197842.366
1567460296,0.3,0.03017578125,7.299671555838794,2080.2,2271.95,0.4382568359375,58.97500000000037,14.599343111677587,0.275,2,197842.366
1567460313,0.275,0.029150390625,7.395,1775.575,1988.5,0.43720703125,57.77499999999918,14.79,0.25,2,197842.366
1567460329,0.3249912504374781,0.03120036625121869,7.2799999999999985,2073.6901867406627,2309.9268449077545,0.4391980681727633,59.65201739912923,14.56,0.2999925003749813,2,197842.366
1567460346,0.27500625031251563,0.030030000035158013,7.1900355003550045,1926.8729373968688,2102.1861243062153,0.4495469695359768,58.02290114505736,14.380071000710009,0.2500050002500125,2,197842.366
1567460362,0.325,0.031201171875,7.12,1942.8,2148.925,0.439501953125,59.149999999999636,14.24,0.3,2,197842.366
1567460379,0.325,0.031201171875,7.0349999999999975,1942.8,2148.925,0.439501953125,59.149999999999636,14.07,0.3,2,185388.156
1567460395,0.25,0.028125,7.07043685242229,2076.325,2296.25,0.436572265625,58.9500000000021,14.14087370484458,0.225,2,197842.366
1567460412,0.275,0.029150390625,5.8791768750000015,1628.875,2029.2,0.43779296875,39.40000000000282,11.756345625,0.25,2,391273.596
1567460428,0.25,0.028125,5.340815625,436.4,1129.95,0.43876953125,15.249999999994087,10.680363194444443,0.25,1,391273.596
1567460444,0.3,0.03017578125,4.2757171875000015,5661.9,5079.55,0.437255859375,28.200000000003914,8.5501875,0.25,1,391273.596
1567460460,0.25,0.028125,6.8411050000000015,13283.55,9391.3,0.442529296875,49.67500000000428,13.680945000000001,0.3,1,391273.596
1567460480,0.25,0.028125,16.99,13283.55,9391.3,0.442529296875,49.67500000000428,16.99,0.3,1,391273.596
1567460496,0.3,0.03017578125,18.45,10172.0,7081.05,0.441357421875,89.75000000000364,18.45,0.3,1,391273.596
1567460513,0.3,0.03017578125,19.67,1787.7,1794.25,0.441845703125,100.0,19.67,0.3,1,365112.988
1567460529,0.25,0.028125,19.67,1943.35,1877.5,0.439111328125,100.0,19.67,0.25,1,365112.98799999995
1567460546,0.3,0.03017578125,21.0,1940.6,1884.65,0.441259765625,100.0,21.0,0.3,1,365112.988
1567460562,0.25,0.028125,14.76,1884.8,1750.7,0.439892578125,100.0,14.76,0.25,1,365112.98799999995
1567460579,0.25,0.028125,8.77,1884.8,1750.7,0.439892578125,100.0,8.77,0.25,1,365112.988
1567460595,0.3,0.03017578125,7.209999999999999,1979.0,1834.35,0.4419921875,100.0,7.209999999999999,0.3,1,365112.98799999995
1567460611,0.25,0.028125,7.280000000000001,1746.95,1639.75,0.440234375,100.0,7.28,0.25,1,350450.12
1567460627,0.3,0.03017578125,7.28,1915.1,1868.0,0.4423828125,100.0,7.28,0.3,1,350450.12
1567460645,0.25,0.028125,7.3,1971.6,1820.45,0.43955078125,100.0,7.3,0.25,1,365112.988
1567460661,0.3,0.03017578125,7.31,1838.2,1722.9,0.442724609375,100.0,7.31,0.3,1,365112.98799999995
1567460678,0.3,0.03017578125,7.34,1838.2,1722.9,0.442724609375,100.0,7.34,0.3,1,365112.988
1567460694,0.25,0.028125,7.31,1988.5,1849.55,0.44013671875,100.0,7.31,0.25,1,365112.98799999995
1567460711,0.3,0.03017578125,7.85,1796.35,1673.8,0.4421875,100.0,7.85,0.3,1,365112.988
1567460727,0.25,0.028125,7.85,7131.2,5801.75,0.439794921875,87.64999999999418,7.85,0.25,1,365112.98799999995
1567460743,0.3,0.03017578125,13.66,12565.15,10340.85,0.442138671875,79.65000000000146,13.66,0.3,1,365112.988
1567460759,0.3,0.03017578125,19.77,12565.15,10340.85,0.442138671875,79.65000000000146,19.77,0.3,1,350450.12
1567460776,0.25,0.028125,21.4,9974.75,8067.9,0.440283203125,89.69999999999345,21.4,0.25,1,350450.12
1567460793,0.3,0.03017578125,21.41,1873.2,1816.1,0.44267578125,100.0,21.41,0.3,1,350450.12
1567460809,0.25,0.028125,21.41,2016.25,1945.05,0.43896484375,100.0,21.41,0.25,1,350450.12
1567460825,0.3,0.03017578125,20.81,1749.6,1676.6,0.441748046875,100.0,20.81,0.3,1,350450.12
1567460842,0.25,0.028125,15.0,1903.0,1832.5,0.43955078125,100.0,15.0,0.25,1,350450.12
1567460859,0.25,0.028125,8.87,1903.0,1832.5,0.43955078125,100.0,8.87,0.25,2,288013.207
1567460875,0.3,0.03017578125,7.26,1857.5,1716.25,0.44189453125,100.0,7.26,0.3,2,265047.661
1567460891,0.25,0.028125,7.239999999999997,1885.5,1879.5,0.440234375,97.80000000000656,7.239999999999997,0.25,2,265047.661
1567460907,0.3,0.03017578125,7.2399999999999975,1829.75,1767.75,0.44189453125,100.0,7.2399999999999975,0.3,2,265047.661
1567460957,0.3,0.0310546875,5.358076666666666,2135.875,2542.35,0.4485107421875,59.05000000000001,10.717555833333334,0.275,2,134005.55000000002
1567460973,0.275,0.030029296875,5.813589166666668,2090.425,2528.1,0.4479248046875,58.599999999999284,11.628557916666667,0.25,2,105500.371
1567460990,0.3,0.03017578125,5.850164375,2093.95,2523.55,0.43701171875,58.34999999999635,11.701633472222225,0.275,2,105663.7075
1567461006,0.275,0.029833984375,6.394007648277162,2213.975,2571.325,0.435205078125,58.6500000000069,12.78939769238766,0.225,2,105663.7075
1567461023,0.275,0.029833984375,7.32625,4082.15,4494.924999999998,0.435498046875,49.77500000000145,14.6525,0.225,2,105663.7075
1567461039,0.275,0.029150390625,10.23,6108.925,6383.475,0.4361572265625,62.75000000000148,20.46,0.25,2,105663.7075
1567461055,0.275,0.029150390625,13.145,6746.675,7084.15,0.436474609375,45.69999999999745,26.29,0.25,2,107487.141
1567461072,0.25,0.028125,16.0,6784.425,7190.924999999997,0.434033203125,45.59999999999526,32.0,0.2,2,107487.141
1567461088,0.275,0.029150390625,17.025,6477.925,6816.35,0.439453125,49.900000000002926,34.05,0.3,2,107487.141
1567461105,0.275,0.029150390625,17.55008730087301,2799.875,3265.1,0.438134765625,57.3749999999967,35.10017460174602,0.275,2,107487.141
1567461121,0.275,0.029833984375,17.384999999999998,2077.05,2570.4,0.4357666015625,54.27500000000329,34.77,0.225,2,67610.10699999999
1567461138,0.275,0.029833984375,14.48,1973.85,2441.925,0.4353515625,54.22500000000326,28.96,0.225,2,65855.86249999999
1567461154,0.3,0.03017578125,11.265,1862.175,2371.7,0.4375,54.22500000000326,22.53,0.275,2,65855.86249999999
1567461170,0.275,0.029150390625,9.86,1906.225,2464.600000000001,0.436767578125,48.67500000000035,19.72,0.25,2,66682.32699999999
1567461187,0.3,0.0310546875,7.455,2138.275,2703.725,0.453125,47.199999999996,14.91,0.325,2,66682.32699999999
1567461203,0.25,0.028125,6.89,2110.525,2705.375,0.435498046875,46.27500000000474,13.78,0.225,2,66682.32699999999
1567461219,0.275,0.029150390625,6.8599999999999985,2007.975,2629.075,0.4365478515625,45.17500000000467,13.72,0.25,3,66682.32699999999
1567461236,0.25,0.028125,6.625,1890.025,2528.375,0.4351806640625,41.49999999999935,13.25,0.225,3,66789.149
1567461253,0.275,0.029150390625,6.605,1853.825,2568.0,0.4367431640625,36.950000000000074,13.21,0.25,3,66789.149
1567461270,0.25,0.028125,6.54,1918.575,2600.175,0.4355712890625,36.92499999999342,13.08,0.225,3,66789.149
1567461286,0.325,0.032080078124999994,6.055,1675.625,2393.100000000001,0.4514892578125,30.35000000000253,12.11,0.3,3,66789.149
1567461335,0.31666666666666665,0.03131510416666666,3.2609418055555555,1061.4833333333333,1763.7833333333335,0.4355143229166667,13.966666666662347,9.783402916666667,0.26666666666666666,3,45599.35599999999
1567461352,0.26666666666666666,0.02880859375,2.4088627083333334,658.8333333333333,1333.9833333333333,0.433203125,7.016666666670327,7.226966666666668,0.21666666666666667,3,23826.50566666667
1567461368,0.3,0.031087239583333325,1.900140740740741,231.9,897.2333333333332,0.4330729166666665,4.149999999997552,5.700666666666666,0.21666666666666667,3,23826.50566666667
1567461385,0.26666666666666666,0.02926432291666666,1.2965669791666663,233.9,902.5166666666668,0.4319661458333333,4.150000000002952,3.8898949999999997,0.2,3,23826.50566666667
1567461401,0.3333333333333333,0.032454427083333334,1.1741666666666666,230.86666666666667,887.8,0.4349283854166667,4.1499999999961075,3.5225,0.25,3,23826.50566666667
1567461417,0.26666666666666666,0.02880859375,0.7566666666666666,230.96666666666667,896.3833333333333,0.4333170572916665,4.199999999996109,2.27,0.21666666666666667,3,23826.50566666667
1567461434,0.26666666666666666,0.02880859375,0.15666666666666668,228.4,880.9666666666666,0.4333170572916665,4.100000000002903,0.47,0.21666666666666667,3,23995.58466666667
1567461450,0.26666666666666666,0.02880859375,0.05,232.21666666666667,891.0833333333333,0.4329915364583333,4.200000000000206,0.15000000000000002,0.21666666666666667,3,23995.58466666667
1567461466,0.26666666666666666,0.02880859375,0.05,236.5833333333333,907.8333333333333,0.433447265625,4.250000000000257,0.15000000000000002,0.21666666666666667,3,23995.58466666667
1567461483,0.26666666666666666,0.02880859375,0.05,233.1833333333333,916.2166666666667,0.43361002604166665,4.249999999999498,0.15000000000000002,0.21666666666666667,3,12283.067333333332
1567461499,0.3,0.030631510416666667,0.05,222.96666666666667,871.8833333333333,0.4342610677083333,4.099999999999587,0.15000000000000002,0.2333333333333333,3,12283.067333333332
1567461516,0.26666666666666666,0.02880859375,0.05,226.96666666666667,888.2833333333333,0.4332356770833333,4.233333333330194,0.15000000000000002,0.21666666666666667,3,11443.209666666666
1567461532,0.3,0.030631510416666664,0.05,232.26666666666668,912.7,0.4340657552083333,4.266666666668138,0.15000000000000002,0.2333333333333333,3,10952.369666666666
1567461549,0.26666666666666666,0.02880859375,0.05,222.76666666666668,875.7166666666667,0.43317057291666666,4.166666666667614,0.15000000000000002,0.21666666666666667,3,10952.369666666666
1567461565,0.2833333333333333,0.0294921875,0.05,224.81666666666663,885.0166666666668,0.434375,4.216666666667758,0.15000000000000002,0.2333333333333333,3,10952.369666666666
1567461582,0.26666666666666666,0.02880859375,0.05,225.0,888.5166666666668,0.4339680989583333,4.13333333332929,0.15000000000000002,0.21666666666666667,4,10952.369666666666
1567461598,0.26666666666666666,0.02880859375,0.05,223.16666666666663,885.2333333333332,0.4336751302083333,4.216666666662927,0.15000000000000002,0.21666666666666667,4,9216.027333333332
1567461614,0.26666666666666666,0.02880859375,0.05,220.13333333333333,865.75,0.4335123697916667,4.316666666668803,0.15000000000000002,0.21666666666666667,4,9216.027333333332
1567461647,0.3125,0.0313720703125,0.040602291666666665,233.4125,894.3375,0.43306884765625,4.225000000003671,0.16241833333333336,0.2375,4,7481.093500000001
1567461663,0.2875,0.0303466796875,0.04232166666666667,234.6,898.625,0.432080078125,4.237500000000106,0.16929625000000004,0.2125,4,7481.093500000001
1567461680,0.2875,0.0296630859375,0.044078125,228.55,904.45,0.433544921875,4.212499999997636,0.17632333333333336,0.2375,4,7542.276
1567461697,0.2875,0.0296630859375,0.045821979166666665,230.0625,910.2125,0.43408203125,4.224999999997685,0.1832979166666667,0.2375,4,7542.276
1567461713,0.312492500749925,0.03137128181713079,0.04752427083333333,222.01955179482053,885.5042495750425,0.4337660582086322,4.11489101090007,0.1901066666666667,0.23749500049995,4,3174.62825
1567461730,0.2750062506250625,0.029492890695319525,0.04924519504804952,221.07997674767483,873.2439606460646,0.4319199534699564,4.022601010101116,0.1969907800921991,0.21250500050005,4,3174.62825
1567461746,0.28749250074992505,0.029662331618400664,0.05,227.8446617838216,899.8670207979202,0.4336927549920789,4.16489351064806,0.2,0.2374937506249375,4,3241.3940000000002
1567461763,0.312492500749925,0.03068772224340066,0.0499997500049999,228.1071617838216,897.9670207979202,0.4348646299920789,4.152393510646935,0.1999990000199996,0.2624937506249375,4,3241.394
1567461779,0.2500062506250625,0.02812570319531953,0.049999125036248336,226.79314806480647,904.5086371137112,0.4319810167051862,4.1601110111032575,0.1999965001449933,0.20000500050005,4,3241.255750000001
1567461796,0.2749937506249375,0.02914968757030547,0.05,221.78240050994896,876.2435231476852,0.4334608665598284,4.052399760026174,0.2,0.22499500049995005,4,3241.255750000001
1567461812,0.28750875087508754,0.030005722740242775,0.05,230.64292679267933,906.5456733173316,0.43340930406517214,4.235107260723783,0.2,0.22500625062506246,4,3241.255750000001
1567461829,0.3125,0.0313720703125,0.05000012500125001,226.9625,893.0875,0.43382568359375,4.175000000003628,0.20000050000500008,0.2375,4,3174.49
1567461846,0.275,0.0294921875,0.05,227.25,889.7624999999997,0.43314208984375,4.262500000000884,0.2,0.2125,4,3174.49
1567461862,0.2875,0.0300048828125,0.05,223.8375,895.45,0.43331298828125,4.124999999996177,0.2,0.225,4,3174.49
1567461878,0.275,0.029150390625,0.05000087503625166,229.2,908.95,0.43341064453125,4.249999999996064,0.20000350014500667,0.225,4,3174.49
1567461895,0.275,0.029150390625,0.05,223.5125,885.7625,0.43406982421875,4.125000000003709,0.2,0.225,4,3121.874000000001
1567461912,0.3,0.03017578125,0.05,222.0125,880.0749999999997,0.4348388671875,4.2124999999997215,0.2,0.25,4,3121.874000000001
1567461928,0.275,0.0294921875,0.05,224.075,883.7,0.43314208984375,4.149999999999493,0.2,0.2125,5,3121.874000000001
1567461944,0.2625,0.0286376953125,0.05,225.3125,893.2874999999997,0.4326293945312501,4.199999999997601,0.2,0.2125,5,3121.874000000001
1567461961,0.2875,0.0296630859375,0.05,225.175,893.5875,0.43436279296875,4.162500000002254,0.2,0.2375,5,3090.313
1567462010,0.28,0.02935546875,0.042972934686599004,227.88,903.51,0.43267578125,4.179999999999703,0.2148738396413513,0.23,5,3091.8044
1567462027,0.3,0.03072265625,0.04433949151271216,221.33,868.95,0.432763671875,4.049999999999819,0.22170704065731675,0.23,5,3058.3144
1567462043,0.29,0.029765625,0.04573323777937035,223.08,888.68,0.433466796875,4.079999999999799,0.2286770220496325,0.24,5,3090.3179999999998
1567462060,0.26,0.02853515625,0.047082494802148316,229.3,901.1,0.432353515625,4.280000000000001,0.2354237238701183,0.21,5,3090.318
1567462076,0.29,0.0300390625,0.04844676553434468,222.07,874.6700000000003,0.43349609375,4.0600000000000875,0.24224257758422424,0.23,5,3121.7572
1567462092,0.29000000000000004,0.0303125,0.04979548537847955,219.16,860.16,0.433095703125,3.9700000000012214,0.2489865934673987,0.22000000000000008,5,3121.7572
1567462109,0.3,0.03044921875,0.05,229.32,903.79,0.433701171875,4.189999999998335,0.25,0.24,5,3213.0684
1567462129,0.27,0.0289453125,0.05000040001000028,227.52,896.2800000000003,0.433017578125,4.2000000000000455,0.2500020000500014,0.22000000000000008,5,3206.9438
1567462146,0.28,0.02935546875,0.05,227.14,885.6600000000003,0.433427734375,4.140000000000214,0.25,0.23,5,3206.9438
1567462162,0.31,0.030859375,0.05,228.91,897.32,0.43431640625,4.270000000000721,0.25,0.25,5,3206.9438
1567462179,0.27,0.0289453125,0.05,227.16,888.64,0.43333984375,4.110000000000582,0.25,0.22,5,3127.6704
1567462195,0.28,0.02935546875,0.05,223.27,882.81,0.433828125,4.1200000000000045,0.25,0.23,5,3096.2312
1567462212,0.28,0.02962890625,0.05,219.57,862.4300000000003,0.4329296875,4.06000000000131,0.25,0.22000000000000008,5,3100.1898
1567462228,0.2999970001499925,0.030448903336083195,0.05,223.41766711664417,880.8210709464528,0.4339800627156142,4.190956952149833,0.25,0.2399980000999949,5,3067.748800000001
1567462245,0.3000030001500075,0.030176083022901142,0.05,223.83206310315518,885.2282599129958,0.43445746359583604,4.109037951897494,0.25,0.25000250012500624,5,3063.5646
1567462261,0.26,0.02853515625,0.05,215.14,842.9399999999997,0.43275390625,3.9399999999998254,0.25,0.21,5,3084.5908
1567462278,0.28999400059994,0.029765021544720525,0.05,226.2154674532547,888.8825697430258,0.43396594129649535,4.171917808218737,0.25,0.23999500049995,5,3084.5908
1567462295,0.27999400059994,0.02935486529472053,0.05,226.3854674532547,889.6625697430256,0.4335655506714954,4.1619178082214745,0.25,0.22999500049995,6,3084.5908
1567462311,0.29000500050005,0.029766187556255624,0.05,225.45432743274327,883.5764966496649,0.4341785526208871,4.168079807978998,0.25,0.24000400040004,6,3087.595000000001
1567462328,0.27,0.0289453125,0.05,222.0,881.19,0.433271484375,4.0600000000017635,0.25,0.22000000000000008,6,3087.595000000001
1567462360,0.31666666666666665,0.03131510416666666,0.043125069465276736,230.825,895.5333333333333,0.433740234375,4.200000000000087,0.25875958345832706,0.25,6,3077.454666666666
1567462377,0.2833333333333333,0.02972005208333333,0.04426965277777778,222.66666666666663,883.6666666666667,0.4327880859375,4.050000000000208,0.26563166666666665,0.225,6,3074.7119999999995
1567462393,0.29166666666666663,0.03006184895833333,0.045397406731498384,219.84166666666667,874.475,0.4332194010416667,3.975000000000561,0.27239319017024577,0.2333333333333333,6,3074.7119999999995
1567462409,0.275,0.029150390625,0.04653069444444445,230.94166666666663,903.075,0.4330078125,4.216666666664193,0.2791933333333333,0.2250000000000001,6,3141.8749999999995
1567462426,0.291663750145826,0.030061580417072895,0.04769340277777778,222.73139843007846,881.7255416395848,0.4333378415714631,4.050799543356963,0.2861745833333333,0.2333308334583271,6,3141.8749999999995
1567462443,0.30833041681249274,0.030745174167072894,0.048883888888888886,226.53139843007847,894.8755416395848,0.4342167478214631,4.092466210022489,0.2933125,0.2499975001249937,6,3142.624333333333
1567462460,0.2666687501041719,0.02903669272005267,0.050000333355001036,227.8018871776921,895.5825182925812,0.4325556825530079,4.174199959998513,0.3000020001300062,0.20833500008333752,6,3176.4475
1567462476,0.3,0.030403645833333333,0.049999916667499984,232.2,913.225,0.4342529296875,4.2000000000005855,0.29999950000500003,0.2416666666666667,6,3176.4475
1567462496,0.2833333333333334,0.02972005208333333,0.050000083334166674,222.28333333333333,877.4833333333332,0.4330891927083333,3.999999999999796,0.3000005000050001,0.225,6,3173.6591666666664
1567462512,0.2833333333333333,0.0294921875,0.05,217.525,855.5666666666666,0.4334798177083333,3.925000000000717,0.3,0.2333333333333333,6,3173.6591666666664
1567462528,0.29166666666666663,0.03006184895833333,0.05,228.90833333333333,896.4,0.4335042317708333,4.191666666665316,0.3,0.2333333333333333,6,3173.6591666666664
1567462547,0.3,0.030403645833333333,0.049999750007499774,226.21666666666667,896.75,0.43369954427083335,4.133333333333387,0.2999985000449986,0.2416666666666667,6,3140.0218333333332
1567462563,0.29166666666666663,0.03006184895833333,0.049999750007499774,221.94166666666663,875.0916666666667,0.4334798177083333,4.008333333334235,0.3,0.2333333333333333,6,3118.728
1567462580,0.275,0.029150390625,0.049999583354165635,226.15833333333333,895.6166666666667,0.4332356770833333,4.150000000000134,0.29999750012499377,0.225,6,3044.0290000000005
1567462597,0.3,0.03017578125,0.049999583354165635,224.49166666666665,878.7083333333335,0.4343831380208333,4.041666666666686,0.29999750012499377,0.25,6,3044.0290000000005
1567462613,0.275,0.029150390625,0.05,224.725,885.7583333333333,0.43341471354166666,4.066666666666474,0.3,0.2250000000000001,6,3064.2305
1567462630,0.29166666666666663,0.03006184895833333,0.04999966667999947,222.8083333333333,883.1833333333333,0.4334228515624999,4.066666666668131,0.2999980000799968,0.2333333333333333,6,3064.2305
1567462647,0.28333125010416144,0.02949195313671817,0.05000025000750023,233.50621552255717,902.9835016582505,0.4336389845546785,4.2091312101045135,0.3000015000450013,0.23333166674999584,7,3078.784
1567462663,0.2583312501041615,0.02846656251171816,0.050000250009166886,231.91454885589053,903.1835016582504,0.4328495965338451,4.200797876773129,0.3000015000550013,0.20833166674999584,7,3078.784
1567462679,0.291669583479174,0.029834252943115907,0.050000083334166674,221.08523051152562,877.2992524626231,0.434411179787505,3.990866626664732,0.3000005000050001,0.25000250012500624,7,3083.983833333333
1567462696,0.3071396430178491,0.03085909599609305,0.05000041668750105,390.39721728199305,1866.5091538280228,0.4331372839142641,11.207474626268251,0.30000250012500623,0.23571250008928124,7,3061.2351666666664
1567462729,0.2785714285714286,0.0294921875,0.04477534524952427,229.3,899.8142857142857,0.4330705915178572,4.1357142857149904,0.3134365834133366,0.22142857142857145,7,3050.706
1567462745,0.2857067863392295,0.02997975870904875,0.04576440476190476,229.252459674108,896.0094194485713,0.4331449808959089,4.15920054280159,0.3203654166666667,0.2214228576071018,7,3001.0332857142853
1567462762,0.3000010719107437,0.030175952897673643,0.04674071428714286,226.14459469924358,889.1994116267571,0.4341269402955164,4.077886971557795,0.3271945833433334,0.25000071467859464,7,3068.285
1567462778,0.2857160715178616,0.029785357152902286,0.0477287976197619,225.9302804425936,884.1281724800526,0.4330946049953168,4.085030680103505,0.3341103333383333,0.2285728572142893,7,3068.285
1567462795,0.2857142857142857,0.02998046875,0.04871065476190477,226.7357142857143,893.8428571428572,0.43275669642857145,4.085714285714396,0.3409879166666667,0.22142857142857145,7,3060.797428571429
1567462811,0.2785696429464241,0.029491986617187,0.04967636904761905,223.70548651138873,880.7862503303405,0.4330396032514223,4.043541394360132,0.34774375,0.22142714292856785,7,3060.8397142857148
1567462828,0.2785735715357197,0.02929709055207225,0.05,228.61595115470055,902.235229261463,0.4331015916030176,4.220744608658271,0.35,0.2285732143750045,7,3064.128714285714
1567462844,0.3071450001071482,0.03066427805207224,0.05,226.80166544041492,896.6138006900346,0.4338200625851605,4.113601751517136,0.35,0.25000178580357585,7,3059.6294285714284
1567462860,0.25,0.028125,0.05000007142928572,222.55714285714282,885.5785714285713,0.4321916852678571,4.014285714285758,0.35000050000500005,0.2,7,3067.117
1567462877,0.2857142857142857,0.02978515625,0.05000007142928572,228.55714285714282,913.0357142857142,0.4330775669642857,4.149999999999778,0.35000050000500005,0.2285714285714285,7,3082.357285714286
1567462894,0.2857142857142857,0.02978515625,0.05,228.39285714285708,896.8071428571428,0.43350306919642856,4.1142857142850575,0.35,0.2285714285714285,7,3082.357285714286
1567462910,0.2785714285714286,0.0294921875,0.05,225.35714285714283,889.8,0.432861328125,4.078571428572327,0.35,0.22142857142857145,7,3091.097
1567462927,0.2785714285714286,0.0294921875,0.04999992857214285,222.43571428571425,884.7785714285714,0.4329868861607143,4.078571428570541,0.349999500005,0.22142857142857145,7,3093.8434285714284
1567462943,0.2714285714285714,0.02900390625,0.049999857145714234,225.53571428571428,893.1142857142858,0.4330915178571429,4.142857142856907,0.3499990000199996,0.22142857142857145,7,3048.930714285714
1567462960,0.29285500010713744,0.03007790946948188,0.049999857145714234,227.248392937496,894.0649453241623,0.4335348257698721,4.1292553229495415,0.3499990000199996,0.23571250008928124,7,3051.967857142857
1567462976,0.2857121429642803,0.02958962821948188,0.05,224.68410722321025,887.4006596098766,0.43382779451987225,4.0435410372352925,0.35,0.23571250008928124,7,3059.455428571428
1567462993,0.27143035723214737,0.02919941965290228,0.05,221.0230322230397,874.0494728307845,0.4329760489140528,4.013601394352997,0.35,0.214287142928575,7,3059.455428571428
1567463009,0.3,0.03037109375,0.05,227.5642857142857,895.2642857142857,0.4340053013392857,4.114285714287413,0.35,0.24285714285714285,8,3091.0737142857147
1567463026,0.27142857142857146,0.02919921875,0.05000007142928572,224.11428571428573,891.2071428571428,0.4326939174107143,4.057142857143634,0.35000050000500005,0.2142857142857143,8,3091.0737142857147
1567463059,0.27500375037503755,0.029492564734989124,0.16122482500349994,461.27853472847283,1149.2795292029202,0.4323967882628105,6.6863086308637465,1.2899452666946662,0.21250312531253127,8,3098.105625
1567463076,0.29374687531246874,0.03026087894140273,0.486066150004125,843.8084066593341,1539.3194380561945,0.4331000646273263,8.682393635637128,3.8889517000329983,0.2312475002499749,8,3075.9775
1567463109,0.2687518750937547,0.028894231576813218,1.9313255994344536,1829.3725026876346,2516.4825163133155,0.433016630995124,14.455713098153876,15.451128120086885,0.2187515625781289,8,3062.5488749999995
1567463125,0.2875018750937547,0.029834172983063213,3.2214350989583336,2071.2350026876347,2762.482516313316,0.4337185352919989,16.88696309815485,25.773368666666666,0.2312515625781289,8,3112.53
1567463142,0.28125,0.02957763671875,4.3452772187500015,2598.48125,3249.81875,0.4329650878906249,19.856250000001854,34.77119008333334,0.225,8,3112.53
1567463158,0.2812481250937453,0.02940654969204665,5.791132248878705,3115.5600773086353,3766.974420653968,0.43457365034580303,22.59423247587823,46.337859324362974,0.2437478126093696,8,3169.612
1567463175,0.29999250093736873,0.030345925387254863,7.045177271162079,3200.726873226746,3801.2487191966857,0.43531624220409454,24.03315163800023,56.364470153836784,0.2562431258123891,8,3183.4755
1567463192,0.2687459384217524,0.028893653047747717,8.193740337596624,3180.9050534559888,3756.1356125459192,0.4332037925550451,23.94468038768669,65.549922700773,0.2187465632655227,8,3192.675125
1567463208,0.2812556258438765,0.02940730416203056,9.198749512730126,3589.560216219933,4127.019723896085,0.4356770983909305,25.904837913187965,73.589996101841,0.2562546882032305,8,3196.28675
1567463225,0.275,0.029150390625,10.193737237627623,3733.4375,4255.9125,0.437744140625,26.80625000000023,81.549897901021,0.28125,8,3333.390625
1567463242,0.2875,0.029833984375,10.8125,3714.54375,4191.03125,0.4356567382812501,27.21874999999877,86.5,0.25625,8,3331.1815
1567463258,0.2812481250937453,0.02957744812954665,11.42625,4117.137483438329,4536.891127943602,0.43453098280144586,29.562942165390865,91.41,0.2374984375781211,8,3331.1815
1567463274,0.2812515625781289,0.029748710946289506,11.872529562795627,4090.337471561078,4496.46498699935,0.4354214045541145,29.05580466523435,94.98023650236502,0.24375125006250314,8,3425.7495
1567463291,0.29372751349190485,0.03008807020475215,12.340015012650127,4266.822354087548,4663.217360833501,0.43594115991342697,30.33020937437385,98.72012010120102,0.26247376574055564,8,3425.7495
1567463307,0.26876876125675403,0.028896153610134832,12.932500137818876,4237.4243758755265,4599.813261707024,0.4338336473563825,31.05109815889736,103.460001102551,0.2250150090054032,8,3396.068
1567463324,0.2624984375781211,0.028637519540038618,13.447434004297294,4552.164307722114,4905.5433659567025,0.43420750379717343,32.062919978998735,107.57947203437836,0.22499875006249687,8,3436.49475
1567463341,0.28125187509375466,0.029406926889313213,13.692417379131046,4525.472055165258,4878.143439359468,0.4345486088391333,31.905822478624078,109.53933903304836,0.2437515625781289,8,3436.49475
1567463357,0.28125,0.02957763671875,14.0075,4474.16875,4839.687499999999,0.4344482421875,32.162499999999845,112.05999999999996,0.2375,8,3553.73575
1567463374,0.2812500000000001,0.02957763671875,14.19625,4446.01875,4814.874999999999,0.435931396484375,32.06875000000164,113.57,0.25625,9,3553.73575
1567463390,0.2749984375781211,0.029150214852538624,14.385964645656696,4538.458124281286,4836.36226438678,0.4346286427133722,31.88792872856341,115.08771716525357,0.2374987500624969,9,3691.638375
1567463407,0.2888902778472257,0.030024027785590667,14.379945525913485,4323.2196295925905,5450.638251634804,0.4328745845386888,38.599619980999336,115.03956420730783,0.22222333338889166,9,3691.638375
1567463440,0.27222222222222225,0.029340277777777774,12.897824921987619,3850.055555555556,4149.227777777778,0.4332790798611111,29.50555555555466,116.08429160452324,0.21111111111111114,9,4160.614000000001
1567463456,0.2833333333333333,0.029796006944444443,12.97830946436792,4192.572222222223,4458.1,0.4336480034722223,31.06666666666593,116.80716184597792,0.22222222222222224,9,4157.235333333333
1567463474,0.29444000036107915,0.030099346285288337,13.169655070678926,4202.515320059747,4457.477202948755,0.4345956437761639,30.88445601809334,118.52982008055471,0.2444408336249743,9,4511.264111111111
1567463490,0.2722288897223389,0.029189046308171474,13.299889227232413,4175.162519232933,4426.257664759061,0.4358603720298591,31.5151370306396,119.70171860064731,0.2555613895973201,9,4564.309333333334
1567463507,0.29444555669451805,0.030403775611905368,13.52019281012079,4332.867924030582,4562.642478358388,0.4336612588924892,31.70514891957766,121.68523858062932,0.22777916756951044,9,4591.195222222223
1567463524,0.29998833527742785,0.030630390811598362,13.962205800164222,4222.255142434723,4424.142171437726,0.4346045868461339,30.991182948959217,125.65985220147795,0.24443500161081674,9,4613.641111111111
1567463541,0.272229167569566,0.029037239684909507,14.153348033480336,4366.805829477893,4580.912864314136,0.4344196353608888,32.587028646605226,127.38013230132302,0.2333397230695604,9,4524.199666666666
1567463557,0.2777777777777778,0.02926432291666667,14.34449297923382,4307.300000000001,4513.966666666667,0.4338975694444445,32.033333333332486,129.10043681310438,0.2277777777777778,9,4524.199666666666
1567463573,0.27222222222222225,0.02903645833333333,14.445555555555556,4549.55,4710.811111111111,0.4341200086805556,32.85555555555548,130.01,0.2277777777777778,9,4520.820999999999
1567463590,0.2777777777777777,0.02926432291666666,14.53668348905711,4468.238888888889,4647.283333333334,0.4345486111111111,32.59999999999973,130.83015140151406,0.2333333333333333,9,4581.076444444445
1567463606,0.2833333333333334,0.0294921875,14.59779343348989,4451.227777777779,4615.61111111111,0.43603515625,32.9388888888898,131.380140901409,0.2611111111111111,9,4614.005222222222
1567463623,0.27222222222222225,0.029188368055555563,14.721111111111117,4523.638888888888,4665.45,0.434521484375,33.01666666666597,132.48999999999998,0.2333333333333333,9,4354.692777777777
1567463640,0.29444444444444445,0.030099826388888886,14.836395776675731,4703.122222222222,4818.372222222221,0.4355143229166667,33.511111111112136,133.52756199008158,0.25555555555555554,9,4394.745444444446
1567463657,0.2833333333333333,0.0294921875,14.926666666666666,4525.161111111111,4653.794444444446,0.4363335503472222,33.20555555555647,134.34,0.2611111111111111,9,4394.745444444446
1567463677,0.27222361118055904,0.02918852431336845,14.957810666995561,4559.809723263942,4734.071349956387,0.436455308008456,34.105184981471076,134.62029600296006,0.2611122222777806,9,4399.343111111111
1567463694,0.28888722230555136,0.029871786575601775,15.009950501484955,4558.719803732036,4743.396666000033,0.4364396531692513,32.92815720325119,135.08955451336462,0.26666555561110833,9,4251.251
1567463710,0.2944380563748841,0.02994725757021941,15.0543949459294,4630.222138866852,4828.006874111293,0.4356837018358229,33.62928675509628,135.4895545133646,0.26110555624990284,9,4973.511222222222
1567463727,0.27778333402787503,0.029264947994802608,14.991110689216,4063.1203782993257,4335.820057567821,0.4360990083614691,32.36516897976445,134.919996202944,0.2611155561111889,9,4973.511222222222
1567463745,0.2888902778472257,0.029720208341146224,14.983603420991805,4456.200351962043,4689.907185914853,0.4360104273659864,33.582955814458565,134.85243078892623,0.2611122222777806,9,4973.511222222222
1567463762,0.27222222222222225,0.02903645833333333,14.992171078634984,4767.288888888888,4919.522222222222,0.4356336805555555,33.649999999998876,134.9295397077149,0.25,9,4973.511222222222
1567463779,0.3,0.03017578125,14.998872322387884,4755.911111111111,4937.833333333333,0.4372450086805556,34.28333333333184,134.98985090149097,0.2833333333333333,9,5176.686777777778
1567463795,0.27222222222222225,0.02903645833333333,15.027812735035825,4512.661111111111,4763.205555555556,0.435791015625,32.72777777777712,135.2503146153224,0.25,9,5185.416888888888
1567463812,0.2722222222222222,0.02903645833333333,15.085606857094602,4726.855555555556,4964.227777777778,0.4354437934027778,33.86666666666656,135.7704617138514,0.25,9,4463.156666666668
1567463828,0.2888888888888889,0.02972005208333333,15.074461266834893,4585.4,4808.68888888889,0.4360894097222222,32.78333333333519,135.670151401514,0.2611111111111111,9,4289.661666666668
1567463845,0.2777777777777778,0.02926432291666666,14.989932712791285,4659.833333333333,4837.188888888889,0.4348741319444444,33.02777777777714,134.90939441512157,0.2388888888888889,9,4986.992111111112
1567463862,0.2833333333333334,0.0294921875,14.939998922546778,4755.433333333333,4897.877777777778,0.4357747395833333,33.49444444444515,134.459990302921,0.25555555555555554,9,4991.589777777777
1567463878,0.27777777777777785,0.02926432291666667,14.924460133490223,4813.455555555556,4964.327777777778,0.4349012586805556,33.63333333333404,134.32014120141199,0.2388888888888889,9,4991.589777777777
1567463895,0.3166652778472187,0.03101112848003433,14.955556366993225,4928.928169147098,5053.327761389708,0.4368519437526387,34.589251092999675,134.600007302939,0.2777761111944403,9,5049.730000000001
1567463912,0.27777916673611464,0.029264479174479555,14.938888888888883,4777.688354695512,4921.244735847904,0.4357608852664855,34.066305537500575,134.45,0.25000138895833685,9,4952.858555555556
1567463928,0.27222222222222225,0.02903645833333333,15.007711200997319,4827.966666666667,4981.355555555555,0.4347764756944445,33.4666666666662,135.06940080897584,0.2388888888888889,9,4466.4241111111105
1567463945,0.3055555555555555,0.030707465277777776,15.04784539057438,4751.555555555556,4903.972222222223,0.43611653645833337,33.16111111110982,135.4306085151694,0.26666666666666666,9,4466.4241111111105
1567463961,0.2777777777777778,0.02926432291666667,14.995587412744596,4559.988888888889,4751.955555555554,0.4342719184027777,33.28333333333395,134.96028671470137,0.2333333333333333,9,4658.8838888888895
1567463978,0.2777761111944403,0.029264155281819238,15.012205200170223,4684.774030742908,4841.439483025848,0.4340796116661181,33.405933036681816,135.10984680153194,0.22777638895832986,9,4658.8838888888895
1567463996,0.2944394448610736,0.0299474137788862,14.893349555717778,4743.728962471957,4900.796967832925,0.4362286486070421,33.27891907141267,134.04014600146002,0.266662500347191,9,4492.391888888889
1567464012,0.28333194487497154,0.02979585833278792,15.029966134010653,4683.660817023315,4835.158129283744,0.4341121731836736,33.444839071824354,135.26969520609586,0.2277763892360868,9,4496.080555555554
1567464030,0.2833361113889167,0.029492500031253126,14.94442892533118,4486.079402940293,4640.525805913925,0.43505262201567374,34.30485492993797,134.43016512188478,0.2444477781111445,9,4486.400888888889
1567464047,0.2777777777777778,0.02926432291666667,14.98,4767.477777777777,4875.605555555556,0.4347819010416667,34.205555555555236,134.82,0.2388888888888889,9,4486.400888888889
1567464064,0.2944444444444444,0.029947916666666668,15.091095200810877,4742.422222222222,4859.688888888889,0.43553059895833335,33.53333333333375,135.81985680729792,0.25555555555555554,9,4486.400888888889
1567464081,0.2666666666666667,0.028960503472222218,15.00885421211232,4589.266666666666,4705.86111111111,0.4340549045138889,32.927777777776946,135.07968790901091,0.21666666666666667,9,4517.901333333333
1567464097,0.2833333333333333,0.029644097222222224,15.037743555897773,4705.65,4813.622222222221,0.434912109375,33.533333333332266,134.98969200307994,0.2388888888888889,9,4655.944888888889
1567464114,0.3055555555555555,0.030403645833333333,14.898956813445276,4752.227777777778,4869.0,0.4375108506944445,33.572222222223076,134.09061132100751,0.2888888888888889,9,5159.169444444444
1567464135,0.26666666666666666,0.02880859375,15.019984322378994,4867.027777777777,4963.405555555555,0.4340060763888889,34.62777777777821,135.179858901411,0.22222222222222224,9,5274.524222222221
1567464152,0.2944430556249965,0.029947760424478775,14.964428766823444,4776.989868562127,4933.178466632224,0.4355553237420594,34.18370220377832,134.679858901411,0.2555544444999973,9,5149.446666666667
1567464168,0.2722238889722264,0.02903662598494508,15.000033689562681,4778.117908673213,4896.9787478262815,0.4356361372756138,33.69408859331886,135.0003032060641,0.244446388986116,9,5363.972111111111
1567464186,0.2722222222222222,0.02903645833333333,15.037828078617904,4769.85,4886.455555555554,0.4356065538194445,33.505555555554444,135.34045270756113,0.2444444444444444,9,5364.116777777777
1567464203,0.2833333333333333,0.029644097222222218,15.017777522556555,4502.844444444445,4679.333333333333,0.4355414496527778,32.666666666667645,135.159997703009,0.2444444444444444,9,5394.0790000000015
1567464220,0.26666666666666666,0.028960503472222218,15.017793800160224,4758.2,4842.988888888888,0.43440755208333337,33.78333333333349,135.16014420144202,0.22222222222222224,9,5439.150666666666
1567464236,0.2888902778472257,0.029720208341146224,14.96334961127389,4722.297546266202,4825.209676039358,0.4350067459970221,33.360733036652,134.67014650146498,0.2444455556111139,9,5478.08411111111
1567464255,0.27222027787499514,0.029036279305826376,14.790971851851852,4737.58408218478,4895.033258614847,0.4348717069354865,33.794805537500984,133.1157614583333,0.2388872223055514,9,6127.0375
1567464272,0.2722222222222222,0.02903645833333333,13.658415370370367,3211.2222222222217,3660.494444444445,0.4350477430555556,24.04444444444336,122.92249354166664,0.2388888888888889,9,6151.366
1567464289,0.2812500000000001,0.02940673828125,11.665359182098765,1420.225,2130.5437500000007,0.434088134765625,14.611111111111402,104.98476388888888,0.23125,8,5460.08725
1567464305,0.28125,0.02940673828125,10.700903626166928,3256.4437499999995,3748.79375,0.434173583984375,25.19444444444427,96.30413263550234,0.23125,8,5460.08725
1567464323,0.2687484375781211,0.028893867196288624,11.471408265393029,5944.426283373331,6107.44422278886,0.4340976392952813,43.40586248465392,103.23557022187056,0.22499875006249687,8,5460.08725
1567464340,0.27500187509375473,0.029150579233063214,13.591198539032847,6702.686670583529,6879.243072153608,0.4364956791540749,45.8663833191655,108.7295883122628,0.2562521876093805,8,5502.211125
1567464357,0.2874981254687172,0.03000467717287861,14.703714275714484,6926.183695880998,7125.185979737849,0.43721650367806775,47.48785429175523,117.62971420571587,0.26249843798434297,8,4888.69
1567464374,0.2875028130156648,0.029834211474857108,17.0075,6943.704248626357,7155.505635035154,0.4371792871821159,47.83089929061853,136.06,0.2625025004375344,8,4888.69
1567464391,0.2687465626718665,0.02889367860708527,18.995,4926.493615319234,5314.652131143443,0.4355231155068223,34.76944527773732,151.95999999999995,0.2374968751562421,8,4678.185375
1567464407,0.2750034376718836,0.029150755023102718,17.550021637716373,1325.5562287489374,1954.0146379193961,0.4349175341457503,10.998861193058174,140.40017310173099,0.23750281264063205,8,4525.946
1567464424,0.26875,0.02889404296875,13.593779900598015,893.6937499999997,1565.6562499999998,0.43365478515625,8.325000000000955,108.7502392047841,0.21875,8,4525.946
1567464441,0.2812481250937453,0.02940654969204665,10.405015488459387,627.2454986625669,1304.9977276136192,0.4341830668476341,6.613080908454888,83.24012390767507,0.2312484375781211,8,4525.946
1567464457,0.27499500024998746,0.029149850490873895,9.024988188062117,3548.3844104669765,3969.813089658017,0.4345011268113352,25.68894742762843,72.19990550449694,0.23124562521873904,8,4525.946
1567464474,0.27500500025001245,0.02915093081314222,8.93997732545349,6634.913930384018,6894.268360293017,0.4364766651418509,45.142752450122366,71.51981860362794,0.2562543752187609,8,4446.769125
1567464490,0.2812515625781289,0.0294069140712895,9.682473475530488,6983.080874668734,7205.014336654333,0.4378079075462562,47.5496624831234,77.45978780424392,0.2750015625781289,8,4446.769125
1567464508,0.2937393762498375,0.0299183277661576,13.51873487515125,6903.266382875999,7183.617897892928,0.4352925409623413,47.63319727468542,108.14987900120994,0.24999093854673984,8,4361.64225
1567464524,0.2687531260938281,0.028894394654305662,17.63625,7009.065159516289,7299.138059474871,0.4358331919165657,47.61813226435976,141.09,0.2437546886719805,8,4351.11925
1567464541,0.27500375037503755,0.029150767859989126,19.06879711297113,4308.496044604461,4733.874115536552,0.4349419683179256,30.29300305030405,152.55037690376903,0.2312531253125313,8,4351.11925
1567464557,0.28125,0.02940673828125,17.531312451005768,1361.39375,1988.9125,0.43475952148437497,11.468749999999375,140.25049960804614,0.2375,8,4351.11925
1567464573,0.29375,0.03009033203125,14.712538125762515,909.6125,1585.8375,0.43466796875,8.643750000001091,117.70030500610012,0.2375,8,4351.11925
1567464590,0.25625000000000003,0.02838134765625,12.68378147562951,2860.418750000001,3424.06875,0.4329895019531249,20.987499999999386,99.17025180503609,0.20625,8,4351.11925
1567464607,0.28750000000000003,0.029833984375,9.503616747357775,2358.71875,2989.6625000000013,0.43509521484375,17.618749999999608,76.02685645289316,0.24375,8,4382.884285714285
1567464623,0.2857121429642804,0.02958962821948188,6.316630729166668,1453.7047926175119,2163.399862149749,0.43435794553743295,12.881800597470633,50.5318,0.2357125000892813,7,4148.275428571428
1567464640,0.271428214482142,0.02900389162238417,5.8681,3473.3320688146528,3976.716157444772,0.4340471414229387,24.24380307596829,46.943825,0.22142821444642768,7,4148.275428571428
1567464657,0.2857160715178616,0.029590044652902287,8.377271093749998,6634.256665333267,6755.208582571986,0.4362893591108127,42.187136856842564,67.01749166666667,0.25714428578571785,7,3788.8207142857145
1567464673,0.26428214321425003,0.028710535754460267,12.448571428571427,7705.980975473882,7741.188491865098,0.43715200606055465,48.48185993900749,87.14,0.2571400002856857,7,3788.8207142857145
1567464690,0.2928614290000428,0.02988324362570185,15.267100286565695,7484.1428464275,7531.686270055578,0.4375411020454724,52.22791136256296,106.86970200595994,0.27143214321432146,7,3916.133571428572
1567464707,0.26428571514285715,0.02871093758621652,18.734285714285715,7824.175765278472,7917.337377801945,0.4353933787597653,53.52858058135679,131.14,0.2357135722142786,7,4148.081714285715
1567464723,0.2785671432856714,0.029296443960514663,21.415714285714284,7174.375775993828,7365.751107746369,0.4363985936785785,48.68638350450821,149.91,0.25713857185710004,7,4314.8191428571445
1567464740,0.2928607146428929,0.03007852682589688,20.321276079053188,1853.63057948652,2473.959194490877,0.43598558446804503,14.591719886273253,142.2489325533723,0.25000357178575,7,4089.256285714287
1567464756,0.2642857142857143,0.0287109375,18.23,1597.9857142857145,2259.542857142857,0.4336844308035713,13.042857142856484,127.61,0.2142857142857144,7,4089.256285714287
1567464773,0.2714285714285714,0.02900390625,14.247099000877125,626.85,1305.1642857142858,0.4339285714285713,6.685714285713076,99.72969300613987,0.22142857142857145,7,3798.8337142857135
1567464789,0.27142857142857146,0.029003906250000006,10.441456857708584,1547.0357142857144,2130.5071428571428,0.4341169084821429,12.642857142857663,73.09019800396007,0.22142857142857145,7,3798.8337142857135
1567464806,0.2785714285714286,0.029296875,9.02713000012857,5625.921428571428,5818.5428571428565,0.4349260602678571,38.99285714285741,63.18991000089999,0.2357142857142857,7,3860.898285714286
1567464823,0.2714285714285714,0.02900390625,9.655714285714286,7273.521428571429,7380.785714285716,0.4368512834821429,49.47857142857256,67.59,0.2571428571428571,7,6898.990142857142
1567464840,0.29285500010713744,0.02988259696948188,12.902936789696627,7545.303896948009,7726.710759819151,0.4379781990950675,50.83606426821586,90.32055752787642,0.2785696429464241,7,6994.22542857143
1567464856,0.2857160715178616,0.029590044652902287,15.151428571428573,7523.204010200509,7614.538967662668,0.43670091428678576,51.36394641160716,106.06,0.2571442857857179,7,6725.797285714287
1567464873,0.25,0.028125,18.99005054386802,7534.564285714286,7626.807142857142,0.4363002232142857,51.26428571428536,132.93035380707616,0.2357142857142857,7,6578.454285714286
1567464890,0.29285500010713744,0.02988259696948188,21.18425568601457,4425.459535951774,4748.869825437299,0.4367435464722299,30.714861756910054,148.28978980210198,0.2642839286607098,7,6547.0755714285715
1567464906,0.2642839290178259,0.02871073665736256,18.662883757409002,1817.0294969781912,2378.576457931093,0.4347136949698468,14.293457348528912,130.64018630186305,0.2285700003571179,7,6547.0755714285715
1567464923,0.2857125004463973,0.029589642907362563,15.044893669808747,1230.5794969781916,1867.383600788236,0.4345323333627039,10.486314491385784,105.30871339699458,0.23571285749997506,7,6562.6269999999995
1567464941,0.27143285757147145,0.029004337375701857,11.134689205523033,777.6710428185678,1441.6942387095853,0.4338650368943144,7.641519866273187,77.93939027199454,0.22143214321432145,7,7153.686000000002
1567464958,0.275,0.029150390625,7.425096964285713,851.0,1533.6166666666668,0.4344482421875,9.250000000000195,51.97326874999999,0.225,6,7156.0905
1567464974,0.3,0.03017578125,5.479378788175808,2909.3,3347.066666666666,0.4350992838541667,21.007142857142426,38.353141100563995,0.25,6,7156.0905
1567464993,0.25,0.028125,6.8326815286724285,7236.374999999999,7055.208333333334,0.4340494791666665,45.87142857142924,47.827320700707006,0.2083333333333333,6,7251.070000000002
1567465010,0.29166666666666663,0.029833984375,10.831649566837664,7318.5,6975.7249999999985,0.4375813802083333,50.80833333333165,64.98989740102597,0.275,6,7369.533666666666
1567465027,0.26666666666666666,0.02880859375,15.103387801089356,7545.2,7198.8083333333325,0.4367024739583333,50.758333333334726,90.62032680653613,0.25,6,7526.348000000001
1567465044,0.28333125010416144,0.02949195313671817,19.52663483365166,7292.942909937836,7054.56962901855,0.4376672592965404,49.650431645082854,117.15980900191002,0.26666458343749483,6,7721.853333333333
1567465060,0.2666687501041719,0.028808828136719325,22.280039017056843,7627.523520759371,7370.211890177843,0.4374954986356088,51.882946647334826,133.68023410234102,0.2583354167708385,6,8102.915333333332
1567465077,0.275,0.029150390625,23.29003901705684,6951.466666666667,6709.0666666666675,0.4366861979166666,46.71666666666814,139.74023410234102,0.25,6,8102.9153333333325
1567465094,0.2999979167708281,0.03017554688671816,22.11,5648.807448377581,5750.49732846691,0.43791956805154536,38.59215289235382,132.66,0.2833316667499958,6,8102.915333333332
1567465110,0.25832500104152084,0.028465859492171095,21.54454740035933,6396.176139323939,6519.611682563796,0.4358661195584026,47.1435776786372,129.26728440215598,0.2416600008332167,6,8102.9153333333325
1567465127,0.2833420843959802,0.029493142207902195,18.715,2610.796821396761,3122.390234956898,0.4376204290782189,33.74750010326895,112.29,0.26667625122934063,6,8037.459333333332
1567465147,0.26666666666666666,0.02880859375,15.165025900258998,2123.15,2704.2166666666667,0.43519694010416665,30.24166666666626,90.99015540155399,0.225,6,11304.073999999999
1567465163,0.26666250041662504,0.028808125046870317,12.368333333333332,2117.634796520348,2677.8220561277208,0.4349700072310477,30.109749858347588,74.21,0.22499666699996668,6,11304.074
1567465180,0.29167166716671666,0.0298344873549855,10.401651316820164,2231.533798379838,2811.0959395939594,0.4357575747809156,30.73192319231894,62.40990790092097,0.25000416708337503,6,11304.073999999999
1567465197,0.25833333333333336,0.028466796875,8.893317983486833,2333.175,2893.458333333333,0.4340413411458333,31.54166666666697,53.359907900920994,0.21666666666666667,6,30742.7455
1567465213,0.29166666666666663,0.029833984375,6.8033546002126695,2265.2166666666667,2810.883333333333,0.4355875651041666,31.94999999999975,40.820127601276006,0.25,6,30742.7455
1567465230,0.2583333333333333,0.028466796875,7.87,4552.316666666667,4899.241666666667,0.4350667317708333,40.175000000000786,47.22,0.225,6,30166.23883333333
1567465246,0.29166666666666663,0.029833984375,11.059964050359497,6904.875,6927.508333333332,0.4377685546875,46.80833333333188,66.35978430215697,0.275,6,30722.31216666667
1567465263,0.2916687501041719,0.03006208334505267,12.86376852320596,6709.87063478174,6660.210592196277,0.4389440972699677,45.30786122639608,77.17992804777441,0.28333541677083857,6,36109.9998
1567465280,0.2749933338749521,0.029149670469599175,13.265930601851853,3678.485902596097,4055.0501317610274,0.4353081381123046,26.30184026986505,79.59251611111111,0.2333279171041281,6,36231.785
1567465296,0.3000030007500525,0.03017608308325723,12.286093796296294,1051.3748432134348,1703.5714737602455,0.435023856556326,15.307548559838375,73.71406333333333,0.25000250062504376,5,36231.785
1567465313,0.26,0.02853515625,11.749630630795984,1118.63,1777.8300000000006,0.433935546875,15.64166666666703,70.49365972121082,0.21,5,7545.065
1567465334,0.3,0.03017578125,11.476311800821748,5356.84,5505.58,0.436103515625,41.03333333333429,68.85331019962742,0.26,5,7545.065
1567465351,0.25,0.028125,9.523982920170797,2355.91,2888.54,0.435625,36.308333333333465,47.619914600853996,0.23,5,8336.6194
1567465367,0.3,0.03017578125,7.291982920170798,2065.21,2670.140000000001,0.4362890625,32.690000000000055,36.45991460085399,0.26,5,8194.6032
1567465384,0.28,0.02935546875,7.692,2138.01,2718.41,0.435341796875,32.86999999999944,38.46,0.24,5,8194.6032
1567465401,0.27,0.0289453125,8.257983420165797,2201.49,2803.61,0.435009765625,34.15000000000009,41.289917100828994,0.23,5,8605.129
1567465417,0.3,0.03017578125,7.9660175201752015,2275.0,2859.24,0.43634765625,34.539999999999964,39.830087600876006,0.26,5,36881.3232
1567465434,0.26,0.02853515625,6.84,2535.73,3088.5600000000004,0.4345703125,35.28000000000021,34.2,0.22,5,98523.4038
1567465450,0.29,0.0300390625,6.896,2366.99,2938.03,0.437216796875,34.749999999999545,34.480000000000004,0.26,5,98523.4038
1567465466,0.27,0.0289453125,6.908014720147202,2102.870000000001,2689.9300000000007,0.4348828125,33.26999999999998,34.540073600736015,0.23,5,98494.57839999998
1567465483,0.28,0.02935546875,6.733999999999999,1967.65,2543.23,0.435419921875,32.23000000000002,33.669999999999995,0.24,5,97747.9334
1567465500,0.2799970001499925,0.029355167007274637,6.666012600126001,2123.020943452828,2700.673539823009,0.4356499479713515,33.16085345732745,33.330063000630005,0.2399975001249937,5,97607.625
1567465521,0.2699640215870478,0.02894169357760344,7.101999999999999,3079.7399880071953,3641.0213152108736,0.4353188126186788,31.208364981009392,35.51,0.2299700179892065,5,97607.625
1567465539,0.28002050627715197,0.029357739962204907,9.286,5460.966315051311,5745.849543642965,0.4369487813554893,46.78542708653779,46.43,0.26001650502672186,5,97607.625
1567465556,0.2600175061271445,0.028537125689303763,11.138,6364.452451858149,6741.102219276747,0.43425888807176266,42.306050617717965,55.69,0.2100140049017156,5,97607.625
1567465574,0.3000150037509377,0.030450727916354087,13.097999999999999,5964.407326831708,6383.607464366091,0.4358616240974306,40.36705676418958,65.49,0.24001250312578146,5,97607.625
1567465590,0.28,0.02935546875,14.864,5648.73,6114.02,0.437275390625,39.01000000000067,74.32,0.26,5,97172.3138
1567465607,0.2699920006499425,0.028944448313519014,16.004,3278.5540571252604,3844.023886805509,0.43661772667949145,34.162365799718515,80.02000000000002,0.2499920006499425,5,96827.532
1567465625,0.2799920006499425,0.029354604563519005,13.9530625,1761.0940571252606,2442.26388680551,0.4371841329294915,20.71236579971825,69.761934375,0.2599920006499425,5,119900.5665
1567465642,0.262507500750075,0.02863844978247825,11.797187333333332,406.96041979197923,1090.22551880188,0.4345445518672961,12.87883677478258,58.98054166666667,0.22500625062506246,4,119900.5665
1567465659,0.2875,0.0296630859375,8.480935833333334,538.2375,1249.0625000000002,0.4359375,13.580725963700836,42.40157916666667,0.25,4,119900.5665
1567465676,0.2625,0.0286376953125,6.406166083333333,2321.875,3017.05,0.43515625,29.050725963700643,32.02770083333333,0.225,4,94881.9645
1567465692,0.275,0.029150390625,4.499817833333333,2282.275,2936.7875,0.4358642578125,32.330725963704474,22.496067499999995,0.2375,4,94881.9645
1567465709,0.2875,0.0296630859375,4.1125,1854.25,2551.8375,0.4361694335937501,26.749999999999545,16.45,0.25,4,94880.225
1567465726,0.275,0.029150390625,4.385,1519.4625,2269.9,0.4353271484375,20.08749999999793,17.54,0.2375,4,94734.77975
1567465742,0.275,0.029150390625,4.505,889.65,1631.3000000000006,0.435595703125,12.200000000003685,18.02,0.2375,4,94734.77975
1567465759,0.27499687515624216,0.02915003908007725,4.239999999999998,320.57106769661516,990.612336883156,0.4352607101090258,8.426193065349302,16.959999999999994,0.2374975001249937,4,94738.22225
1567465775,0.2875037501875094,0.029663463153626432,3.2825,240.21571328566432,927.3875993799692,0.435735418362715,6.97380556527533,13.13,0.25000312515625783,4,94738.22225
1567465793,0.2625,0.0286376953125,1.8875,234.3625,926.0125,0.43475341796875,6.53750000000116,7.549999999999999,0.225,4,94742.65625
1567465810,0.2875,0.0296630859375,1.0099999999999998,231.6875,912.9875,0.43619384765625,6.7625000000015225,3.16,0.25,4,94742.65625
1567465827,0.2749937506249375,0.02914968757030547,0.2775,232.00692430756925,907.9789008599139,0.43480362657093663,5.752393510646545,1.11,0.22499500049995005,4,94739.04699999999
1567465845,0.2749937506249375,0.02914968757030547,0.05,234.64442430756924,930.066400859914,0.4349867320396866,4.214893510648228,0.2,0.22499500049995005,4,94736.0985
1567465862,0.2750062506250625,0.02915109382031953,0.05,231.4807630763076,904.8961533653363,0.4344102403404403,4.097609760978052,0.2,0.22500500050005,4,94736.0985
1567465878,0.3,0.030517578125,0.05,231.85,896.6125,0.43502197265625,4.075000000001411,0.2,0.2375,4,94773.82025
1567465897,0.275,0.029150390625,0.05,237.0,936.15,0.43450927734375,4.2749999999983865,0.2,0.225,4,94773.82025
1567465913,0.275,0.029150390625,0.05,229.725,918.1375,0.43468017578125,4.175000000001886,0.2,0.225,4,12485.20625
1567465935,0.3,0.03017578125,0.05,224.35,888.6500000000003,0.43526611328125,4.125000000000227,0.2,0.25,4,12485.20625
1567465952,0.2625,0.0286376953125,0.05,223.6875,886.875,0.4336181640625,4.1499999999973625,0.2,0.2125,4,12455.37625
1567465968,0.26666666666666666,0.02880859375,0.04777166666666667,229.8333333333333,901.5166666666668,0.43455403645833335,4.2500000000012506,0.1910770833333333,0.21666666666666667,4,15654.530333333332
1567465985,0.2833333333333333,0.0294921875,0.0460215625,227.63333333333333,902.0833333333336,0.435205078125,4.199999999998454,0.1840766666666667,0.2333333333333333,3,15654.530333333332
1567466002,0.2833333333333333,0.0294921875,0.0442778125,222.55,868.1333333333333,0.434814453125,4.225000000002979,0.17710000000000006,0.2333333333333333,3,15654.530333333332
1567466019,0.2833333333333333,0.0294921875,0.04254541666666667,224.88333333333333,885.4,0.43512369791666666,4.212500000001569,0.17017250000000006,0.2333333333333333,3,9160.539333333334
1567466036,0.25,0.028125,0.04072197916666667,224.56666666666663,882.4833333333332,0.4337565104166666,4.149999999999636,0.16287833333333335,0.2,3,3229.633
1567466052,0.3,0.03017578125,0.05,220.21666666666667,873.7,0.4361490885416667,4.133333333334878,0.15000000000000002,0.25,3,3229.633
1567466069,0.26666666666666666,0.02880859375,0.05,225.0,882.15,0.43463541666666666,4.183333333332939,0.15000000000000002,0.21666666666666667,3,3229.633
1567466085,0.25,0.028125,0.05,227.66666666666663,898.7166666666667,0.4338053385416665,4.266666666663544,0.15000000000000002,0.2,3,3144.921666666666
1567466102,0.31666666666666665,0.030859375,0.05,218.16666666666663,856.4499999999997,0.43623046875,4.0833333333322726,0.15000000000000002,0.26666666666666666,3,3144.921666666666
1567466119,0.26666666666666666,0.02880859375,0.04999983333499999,219.58333333333331,880.1999999999997,0.4341145833333333,4.166666666666667,0.14999950000499995,0.21666666666666667,3,3144.921666666666
1567466136,0.2833333333333333,0.0294921875,0.05,221.4833333333333,876.9,0.43484700520833336,4.200000000003001,0.15000000000000002,0.2333333333333333,3,3144.921666666666
1567466152,0.25,0.028125,0.05,228.53333333333333,896.4333333333333,0.43365885416666666,4.250000000004093,0.15000000000000002,0.2,3,3060.784333333333
1567466170,0.31666666666666665,0.030859375,0.05,219.13333333333333,878.6333333333333,0.4366861979166667,4.08333333332924,0.15000000000000002,0.26666666666666666,3,3060.784333333333
1567466186,0.25,0.028125,0.05,221.6833333333333,872.6833333333334,0.43387044270833336,4.216666666666242,0.15000000000000002,0.2,3,3060.784333333333
1567466203,0.26666666666666666,0.02880859375,0.04999933335999893,221.0833333333333,873.2333333333332,0.4341796875,4.183333333336729,0.1499980000799968,0.21666666666666667,3,3060.784333333333
1567466219,0.2833333333333333,0.0294921875,0.04999933335999893,223.25,876.4666666666666,0.4347493489583333,4.083333333335304,0.1499980000799968,0.2333333333333333,3,3050.313333333333
1567466235,0.2833333333333333,0.0294921875,0.05,221.95,880.1666666666665,0.4349934895833333,4.24999999999424,0.15000000000000002,0.2333333333333333,3,3075.972333333333
1567466252,0.3,0.03017578125,0.05,219.91666666666663,867.4166666666665,0.4357096354166667,4.100000000002335,0.15000000000000002,0.25,3,3075.972333333333
1567466269,0.25,0.028125,0.05,231.16666666666663,899.7666666666668,0.4338053385416667,4.350000000003243,0.15000000000000002,0.2,3,3076.6223333333332
1567466286,0.2833333333333333,0.0294921875,0.04813111111111111,218.66666666666663,860.8166666666667,0.4347493489583333,4.066666666666758,0.14438416666666667,0.2333333333333333,3,2916.3125
1567466303,0.25,0.028125,0.04580286783157856,223.66666666666663,871.0500000000003,0.4336263020833333,4.183333333332939,0.13739235214045614,0.2,3,2916.3125
1567466319,0.275,0.029150390625,0.04350392625311369,236.0,942.85,0.4347900390625,4.316666666666151,0.13050261132872185,0.225,2,2916.3125
1567466335,0.25,0.028125,0.041237638888888886,220.75,891.3,0.433935546875,4.116666666666333,0.12369583333333335,0.2,2,2935.037000000001
1567466352,0.275,0.029150390625,0.038982499999999996,215.775,865.85,0.4349853515625,4.06666666666221,0.11693875,0.225,2,2935.037000000001
1567466368,0.275,0.029150390625,0.05,223.475,919.15,0.435498046875,4.125000000001363,0.1,0.225,2,2935.037000000001
1567466384,0.25,0.028125,0.05,232.7,933.725,0.434130859375,4.250000000006367,0.1,0.2,2,2935.037000000001
1567466401,0.3,0.03017578125,0.05,219.05,883.9000000000003,0.436376953125,3.975000000000364,0.1,0.25,2,2926.729000000001
1567466418,0.275,0.029150390625,0.05,222.75,901.525,0.4351318359375,4.100000000003091,0.1,0.225,2,2926.729000000001
1567466435,0.3,0.030859375,0.05,228.975,912.2,0.435302734375,4.274999999997816,0.1,0.225,2,2926.729000000001
1567466451,0.275,0.029150390625,0.05,227.05,899.425,0.435302734375,4.124999999994543,0.1,0.225,2,2935.037000000001
1567466468,0.275,0.029150390625,0.05,221.2,898.6,0.4355712890625,3.925000000001546,0.1,0.225,2,2935.037000000001
1567466484,0.275,0.029150390625,0.05,226.9,912.45,0.43486328125,4.175000000000182,0.1,0.225,2,2935.037000000001
1567466500,0.25,0.028125,0.05,230.675,927.75,0.4344482421875,4.2249999999989996,0.1,0.2,2,2935.037000000001
1567466516,0.275,0.029150390625,0.05,223.125,898.8,0.435693359375,4.049999999999727,0.1,0.225,2,2949.7740000000013
1567466533,0.3,0.03017578125,0.05,221.925,891.9749999999997,0.4364501953125,4.049999999999727,0.1,0.25,2,2949.7740000000013
1567466551,0.25,0.028125,0.05,229.3,920.35,0.4343505859375,4.200000000005275,0.1,0.2,2,2949.7740000000013
1567466567,0.275,0.029150390625,0.05,235.4,944.05,0.4355224609375,4.19999999999618,0.1,0.225,2,2950.935
1567466584,0.275,0.029150390625,0.05,220.675,882.725,0.435107421875,3.9750000000049113,0.1,0.225,2,2950.935
1567466601,0.275,0.029150390625,0.05,231.35,914.775,0.435498046875,4.249999999994998,0.1,0.225,2,2950.935
1567466618,0.275,0.029150390625,0.05,231.35,914.775,0.435498046875,4.249999999994998,0.1,0.225,2,2950.935
1567466634,0.25,0.028125,0.045757708333333334,223.6,911.55,0.43505859375,4.1000000000008185,0.09149916666666666,0.2,2,3047.9040000000005
1567466651,0.3,0.03017578125,0.042137291666666674,223.85,904.1,0.437646484375,4.15000000000191,0.08426583333333335,0.25,1,3047.9040000000005
1567466667,0.25,0.028125,0.038748541666666664,228.7,946.8,0.434912109375,4.225000000008095,0.07748708333333333,0.2,1,3047.9040000000005
1567466684,0.25,0.028125,0.03536729166666667,219.15,898.3,0.43505859375,4.074999999995725,0.07072541666666668,0.2,1,3047.9040000000005
1567466701,0.3,0.03017578125,0.031801875,219.1,892.2,0.4373046875,4.099999999998545,0.06359291666666668,0.25,1,3137.147
1567466717,0.3,0.03017578125,0.05,219.1,892.2,0.4373046875,4.099999999998545,0.05,0.25,1,3137.147
1567466734,0.25,0.028125,0.05,241.75,947.1,0.43603515625,4.549999999999272,0.05,0.2,1,3137.147
1567466751,0.3,0.03017578125,0.05,210.15,859.45,0.4369140625,3.8500000000021832,0.05,0.25,1,3137.147
1567466767,0.25,0.028125,0.05,218.65,879.5,0.43515625,4.099999999998545,0.05,0.2,1,3137.147
1567466783,0.3,0.03017578125,0.05,223.35,895.25,0.4369140625,4.099999999998545,0.05,0.25,1,3137.147
1567466800,0.25,0.028125,0.05,216.65,880.05,0.43525390625,3.9000000000123687,0.05,0.2,1,3137.147
1567466816,0.25,0.028125,0.05,216.65,880.05,0.43525390625,3.9000000000123687,0.05,0.2,1,3137.147
1567466832,0.3,0.03017578125,0.05,223.85,919.95,0.4375,4.14999999999054,0.05,0.25,1,3137.147
1567466849,0.25,0.028125,0.05,227.45,917.55,0.435595703125,4.099999999998545,0.05,0.2,1,3137.147
1567466866,0.3,0.03017578125,0.05,220.85,896.45,0.43818359375,4.000000000014552,0.05,0.25,1,3137.147
1567466883,0.25,0.028125,0.05,220.1,891.45,0.4357421875,4.049999999988359,0.05,0.2,1,3137.147
1567466900,0.3,0.03017578125,0.05,224.8,898.45,0.4375,4.250000000010914,0.05,0.25,1,3137.147
1567466916,0.3,0.03017578125,0.05,224.8,898.45,0.4375,4.250000000010914,0.05,0.25,1,3137.147
1567466932,0.25,0.028125,0.05000000000000001,217.05,865.4,0.43525390625,3.8999999999941792,0.05,0.2,1,3137.147
1567466949,0.3,0.03017578125,0.05,230.75,943.1,0.437109375,4.249999999992723,0.05,0.25,1,3137.147
1567466965,0.25,0.028125,0.05,234.85,925.3,0.4353515625,4.3000000000029095,0.05,0.2,1,3137.147
1567466981,0.25,0.028125,0.05,217.6,887.25,0.43525390625,4.050000000006548,0.05,0.2,1,3137.147
1567466999,0.25,0.028125,0.05,217.6,887.25,0.43525390625,4.050000000006548,0.05,0.2,1,3040.837
1567467015,0.3,0.03017578125,0.05,214.8,891.95,0.43798828125,3.9999999999963616,0.05,0.25,1,3040.837
1567467032,0.25,0.028125,0.05,225.5,931.45,0.43544921875,5.0,0.05,0.2,1,3040.837
1567467053,0.25,0.028125,0.84,214.0,867.35,0.43486328125,3.8500000000021832,0.84,0.2,1,3040.837
1567467069,0.3,0.03017578125,0.84,3189.0,3957.5,0.436865234375,23.15000000000509,0.84,0.25,1,3040.837
1567467090,0.25,0.028125,9.35,6731.5,7295.8,0.435009765625,45.849999999991255,9.35,0.2,1,3040.837
1567467107,0.25,0.028125,9.35,9409.9,9426.25,0.4353515625,61.94999999999709,9.35,0.2,2,3040.837
1567467123,0.3,0.03017578125,16.29,11548.0,10934.4,0.43779296875,76.94999999999709,16.29,0.25,2,3089.814000000001
1567467140,0.35,0.03359375,22.85,6113.325,10177.025,0.43251953125,76.0250000000069,22.85,0.225,2,3089.814000000001
1567467174,0.3,0.03154296875,21.030505,7620.9,6898.225,0.43251953125,59.89999999999929,42.06685,0.2,2,3116.0905
1567467191,0.325,0.032568359374999994,24.04946979166667,7668.075,6886.325000000003,0.4371337890625,60.09999999999454,48.105149583333336,0.275,2,3221.505
1567467207,0.275,0.029150390625,26.43462951388889,8098.05,7050.025,0.4351318359375,65.27500000000329,52.87512875,0.25,2,3221.505
1567467224,0.25,0.028125,28.461165138888887,10024.225,8841.099999999999,0.4330810546875,72.10000000000291,56.93140166666666,0.2,2,3221.505
1567467240,0.325,0.032568359374999994,30.91157739583333,10542.975,9712.9,0.43974609375,71.12499999999781,61.829099375,0.3,2,3243.9305
1567467256,0.3,0.03017578125,33.275,10487.125,9562.65,0.439306640625,72.82499999999783,66.55,0.3,2,3243.9305
1567467272,0.25,0.028125,34.224999999999994,10558.9,9717.925,0.43759765625,74.57499999999415,68.44999999999999,0.25,2,4990.5415
1567467290,0.25,0.028125,34.395,11285.05,10233.55,0.437939453125,76.47500000000835,68.78999999999999,0.25,2,4990.5415
1567467306,0.275,0.029150390625,35.23999999999999,11291.825,10169.6,0.436767578125,75.42499999999819,70.47999999999998,0.25,2,5475.3815
1567467326,0.275,0.029150390625,35.46982100178997,11006.825,9697.2,0.4401611328125,77.5499999999967,70.93964200357995,0.3,2,5524.376
1567467343,0.25,0.028125,35.64482100178998,11568.325,10509.825,0.437255859375,76.39999999999709,71.28964200357997,0.25,2,5731.3859999999995
1567467359,0.325,0.032568359374999994,35.56,11126.7,10087.425,0.4382568359375,72.12499999999963,71.12,0.275,2,4537.145
1567467377,0.3,0.03017578125,35.57000000000001,11502.625,10219.5,0.439697265625,75.64999999999965,71.14000000000001,0.3,2,4537.145
1567467393,0.2499687578105473,0.02812148525368658,35.57,11647.207985503623,10104.185653586605,0.4359318861690827,77.55259935016281,71.14,0.22497500624843791,2,4537.5685
1567467409,0.2500312578144536,0.028128516504126032,35.565,12057.469579894972,10276.232358089524,0.4362605788165792,77.1973118279588,71.13,0.22502500625156288,2,4537.5685
1567467426,0.275,0.029150390625,35.73517855178552,12313.6,10474.825,0.438525390625,80.30000000000439,71.47035710357103,0.275,2,6730.9335
1567467443,0.275,0.029150390625,35.840178551785506,11830.975,10173.1,0.44052734375,77.39999999999745,71.68035710357104,0.3,2,6730.9335
1567467460,0.25,0.028125,35.255,11123.95,9458.675,0.436669921875,73.02499999999742,70.51,0.225,3,7367.2815
1567467477,0.25,0.028125,29.81,3574.375,3472.875,0.436572265625,57.54999999999672,59.62,0.225,3,14709.748
1567467494,0.35,0.03313802083333333,24.255,2815.316666666666,5640.8166666666675,0.4318522135416665,64.7666666666667,48.51,0.26666666666666666,3,14709.748
1567467526,0.2833333333333333,0.030403645833333333,11.444988333333333,2498.4500000000007,2883.933333333333,0.43414713541666666,46.73333333333331,34.336524999999995,0.21666666666666667,3,16594.732
1567467543,0.2833333333333333,0.0294921875,9.752742361111107,2303.666666666667,2670.65,0.435498046875,45.10000000000003,29.259979166666664,0.25,3,16594.732
1567467560,0.3,0.03017578125,6.725860648148147,2288.116666666667,2629.4666666666667,0.4361979166666666,45.59999999999995,20.178923333333334,0.26666666666666666,3,16170.5
1567467579,0.25,0.028125,6.78249125,2060.55,2428.1,0.43439127604166666,44.26666666666667,20.348731875,0.21666666666666667,3,16170.5
1567467596,0.31666666666666665,0.03268229166666666,7.054384777777778,2313.1666666666665,2702.9,0.43430989583333335,45.86666666666668,21.16451325,0.21666666666666667,3,17312.416666666668
1567467612,0.3,0.03017578125,7.373406835538398,2569.616666666667,2862.266666666667,0.43603515625,47.51666666666663,22.1202205066152,0.26666666666666666,3,17312.416666666668
1567467629,0.26666666666666666,0.02880859375,8.983333333333333,5470.0,5285.783333333333,0.43505859375,52.31666666667177,26.95,0.2333333333333333,3,17396.242000000002
1567467646,0.26666666666666666,0.02880859375,14.299887268921287,11045.466666666665,9474.733333333334,0.4383626302083333,71.7666666666628,42.899661806763866,0.2833333333333333,3,17396.242000000002
1567467663,0.26666666666666666,0.02880859375,17.603220602254623,9883.883333333333,8442.916666666666,0.43653971354166665,72.60000000000223,52.809661806763856,0.25,3,17396.242000000002
1567467679,0.2833333333333333,0.0294921875,19.62,7461.583333333332,6687.8,0.4373860677083333,57.56666666666874,58.86,0.26666666666666666,3,18667.431666666667
1567467695,0.26666666666666666,0.02880859375,19.486666666666665,2088.8,2484.4666666666667,0.4349934895833333,44.716666666666725,58.46,0.2333333333333333,3,18643.065
1567467712,0.26666666666666666,0.02926432291666666,19.266666666666666,2348.733333333333,2694.5166666666664,0.43430989583333335,45.899999999999984,57.8,0.21666666666666667,3,143346.29766666668
1567467728,0.3,0.030631510416666667,17.523333333333333,2504.116666666667,2827.7833333333333,0.43536783854166666,46.58333333333336,52.57,0.25,3,143346.29766666668
1567467745,0.26666666666666666,0.02880859375,14.153333333333332,2174.0,2531.833333333333,0.4351725260416667,45.449999999999974,42.46,0.2333333333333333,3,143346.29766666668
1567467762,0.25,0.028125,8.963405468109361,2202.45,2571.183333333333,0.4344889322916667,45.350000000000016,26.89021640432809,0.21666666666666667,3,322763.00066666666
1567467779,0.2833333333333333,0.0294921875,7.11,2410.866666666667,2742.083333333333,0.4354654947916667,46.2333333333334,21.33,0.25,3,322763.00066666666
1567467796,0.2833283335833208,0.029491684595457725,7.1466666666666665,2249.342643701148,2539.864945919371,0.4355721903032452,44.98469576521172,21.44,0.24999583354165625,4,337065.085
1567467812,0.2666708335416771,0.028809062523438667,7.04,2012.8021859426306,2367.980086504325,0.4375724287516459,44.415266596663116,21.12,0.2666716669166792,4,337065.085
1567467828,0.2500041668750104,0.028125468773438668,7.01,2160.285519275964,2473.696753170992,0.4371492516683126,44.68193326332983,21.03,0.2500050002500125,4,337065.085
1567467866,0.2625,0.0286376953125,5.916548541666666,2287.6875,2692.1375,0.43333740234375,38.2625,23.667654166666665,0.225,4,254690.97525
1567467883,0.2999950002499875,0.030858912376646792,6.223792447916668,2347.065060496975,2759.8185728213593,0.4340278042250231,38.53851494925252,24.8970125,0.2374968751562421,4,254690.97525
1567467902,0.275,0.029150390625,6.456107638888889,2206.2625,2652.5125,0.4343017578125,37.68750000000001,25.826161111111112,0.2375,4,254842.09825
1567467919,0.3000037501875093,0.03017615846612643,7.388223020833332,2580.498419920996,2942.7056677833893,0.43622370693729995,40.36149744987247,29.55595,0.2750037501875094,4,408223.80425
1567467936,0.2624937506249375,0.028636992257805468,11.176956354166665,8109.9675619938025,7025.616405859414,0.4359022398541396,66.18842740725657,44.70946625,0.2499937506249375,4,408259.13275
1567467952,0.3000050002500125,0.03085983766961785,15.02,10552.251149432472,9065.636368693436,0.43655330166410666,70.41208310415541,60.07999999999999,0.2625037501875094,4,410701.8045
1567467969,0.3250050002500125,0.03188522829461786,18.145,9581.051149432473,8269.111368693435,0.4380425594766067,69.07458310415791,72.58,0.2875037501875094,4,493807.75425000006
1567467985,0.2875031251562578,0.030444687517579,18.6625,3189.8416264563234,3370.318988449423,0.4437554360628188,44.37411870593532,74.64999999999998,0.2750031251562578,4,493807.75425000006
1567468002,0.3,0.030859375,18.5325,2135.1375,2523.3375,0.43472900390625,37.487499999999976,74.13,0.2375,4,493038.28675
1567468018,0.2875,0.0303466796875,17.97,2344.775,2749.9375,0.4342041015625,38.800000000000026,71.88,0.225,4,493038.28675
1567468035,0.2874962501874906,0.029662708759093295,14.435,2306.9712339383027,2723.6504418529075,0.43502877163270737,38.351048697565176,57.74,0.2499968751562422,4,493038.28675
1567468052,0.3000031251562578,0.030859726580079006,10.6575,1946.7885300515024,2360.0094629731484,0.4345634890387098,36.39893744687228,42.63,0.23750250012500626,4,409950.6120000001
1567468069,0.2750031251562578,0.029834335955079005,7.33,2078.3510300515027,2463.4469629731493,0.4338310671637098,36.81143744687226,29.32,0.21250250012500627,4,317901.8005
1567468086,0.3,0.03017578125,6.7675,2293.05,2736.425,0.43614501953125,38.86249999999997,27.07,0.2625,4,425237.38175
1567468102,0.2875,0.0296630859375,6.9575,2220.4875,2645.725,0.4354248046875,38.4875,27.83,0.25,4,425237.38175
1567468121,0.2999950002499875,0.030858912376646792,6.8825,2454.543078471076,2859.2478557322133,0.4347113814963549,39.28852494875261,27.53,0.2374968751562421,4,583668.3674999999
1567468138,0.2750031251562578,0.029150742205079006,6.9925000000000015,2535.2091860843043,2918.930514650733,0.4346245443375685,39.71148744937239,27.97,0.23750250012500626,4,589277.4702500001
1567468154,0.2874962501874906,0.029662708759093295,7.0074999999999985,2157.219870881456,2548.686186940653,0.43557806423643664,37.338536823159,28.03,0.2499968751562422,5,589277.4702500001
1567468170,0.27499625018749063,0.029150013446593293,7.0375,2160.9323708814554,2581.0111869406533,0.43533392361143664,37.913536823158964,28.15,0.2374968751562421,5,589317.06175
1567468189,0.3200025001250063,0.032090125014063206,7.25,2479.957677883894,4344.7048482424125,0.4334418239466661,47.09919845992299,29.0,0.23000200010000504,5,589317.06175
1567468223,0.27000250012500626,0.028945593764063207,7.215773833333331,4033.225203760188,4226.831355067753,0.4336176095914169,37.41918695934738,36.08213,0.23000200010000504,5,472024.4284
1567468240,0.29000000000000004,0.0303125,11.843975833333333,8774.24,8236.34,0.4362109375,59.17999999999972,59.22461874999999,0.26,5,471737.0902000001
1567468257,0.28,0.02935546875,16.551038972222226,9677.24,8917.82,0.436962890625,64.50999999999985,82.76060805555555,0.27,5,471737.0902000001
1567468273,0.29,0.029765625,18.623198833333333,8197.88,7920.639999999998,0.437734375,55.58000000000042,93.12097430555555,0.29,5,471737.0902000001
1567468290,0.27,0.0289453125,19.610455625,4188.3200000000015,4238.07,0.43697265625,45.78000000000004,98.05714791666666,0.27,5,472322.75840000005
1567468306,0.30000000000000004,0.03072265625,19.41531785372613,1999.34,2470.1600000000008,0.434794921875,32.430000000000035,97.08040535196398,0.24,5,467909.2174
1567468323,0.30000000000000004,0.03072265625,18.42,1918.74,2392.97,0.434072265625,31.44999999999996,92.1,0.24,5,574051.7938000001
1567468341,0.2799975001249937,0.0293551875140618,13.714,2171.360292485376,2655.513339833008,0.43408748214933,33.420846957652145,68.57,0.2399980000999949,5,574051.7938000001
1567468357,0.2700005002750013,0.028945333036962943,9.004,2341.8026566713315,2809.6010818478026,0.434345750920923,34.57002291660013,45.02,0.2300005002250013,5,573941.8162
1567468374,0.2700030001500075,0.028945614272901144,7.281999999999999,2357.9033511675584,2824.3112955647784,0.4344183835168321,34.53917245862298,36.41,0.23000250012500625,5,573941.8162
1567468391,0.3099970001499925,0.03058563575727464,6.704517781472268,2316.505564721764,2758.3690655467226,0.43757377609635145,34.170820458977154,33.52258890736134,0.28999750012499376,5,573941.8162
1567468408,0.2599820046486429,0.028533167513372808,6.8160142201422005,2250.5625686205944,2721.5459444830412,0.4333975035874791,34.025682000514664,34.08007110071101,0.21998550372391407,5,572381.9426000001
1567468424,0.2800205055266268,0.029357561104265264,6.9860000000000015,2234.5231924604136,2666.656913642821,0.4342100299949064,33.634279987381284,34.93,0.24001700460135544,5,470726.6484
1567468441,0.30999650017499125,0.031132476579296037,7.204,2380.463548322584,2828.6572946352685,0.4348198747289198,34.43081295935201,36.02,0.2599975001249938,5,572131.3442
1567468457,0.3100035001750088,0.03113314845429772,7.069999999999999,2197.833237661883,2664.459562478124,0.4352973229716174,33.429170458522876,35.34999999999999,0.25000250012500624,5,571470.4837999999
1567468473,0.2599975001249938,0.0285348750140618,6.994,2278.436484675765,2745.319940502975,0.4345269196501113,33.98083095845216,34.97,0.21999800009999496,5,571470.4837999999
1567468491,0.2699975001249937,0.0292965937640618,6.988486780132197,2207.316484675767,2639.1199405029747,0.4399273102751112,33.39083095845224,34.94243390066099,0.229998000099995,6,571470.4837999999
1567468507,0.2900030001500075,0.029765926772901144,6.912000000000001,2151.0925731286566,2599.548686434322,0.43527778879178336,33.129166458322885,34.559999999999995,0.25000250012500624,6,571470.4837999999
1567468526,0.27999450027498624,0.029628323271336438,8.415999999999999,4931.509754512274,4791.137380630968,0.43508896527829855,43.32130443477893,42.08,0.2399950002499875,6,571476.4664
1567468543,0.2599975001249938,0.0288083125140618,12.09,9152.773395330234,8559.996711664417,0.4338530715065809,61.50048697564855,60.45,0.2099975001249937,6,573041.3074
1567468576,0.3000020834375052,0.03017601563671933,15.870360069444445,7301.946902345117,7586.406758671267,0.4369827768732187,50.782819140959965,95.2259075,0.28333500008333745,6,479471.99650000007
1567468592,0.29166666666666663,0.030289713541666662,16.226823039188723,2169.325,2629.6,0.4343831380208333,30.04999999999989,97.36441698513235,0.2416666666666667,6,517472.31316666654
1567468609,0.3083333333333333,0.03097330729166666,16.529971944444444,2107.5333333333333,2664.65,0.4342447916666667,30.13333333333333,99.18425916666666,0.25,6,516676.81633333326
1567468625,0.2833358334583396,0.029492438977417625,15.841321412037034,2109.7735765954967,2612.262666049969,0.4343623467794484,30.015951214227325,95.05011249999998,0.24166875010417185,6,516676.81633333326
1567468642,0.2833333333333333,0.029492187500000006,12.337462673611107,2291.4666666666667,2798.0333333333333,0.4347819010416667,31.42500000000002,74.027903125,0.2416666666666667,6,516676.81633333326
1567468659,0.29999999999999993,0.030631510416666667,8.676666666666668,2221.875,2737.883333333333,0.43592936197916665,30.82499999999993,52.06,0.2583333333333333,6,478676.4996666667
1567468676,0.2833333333333333,0.029492187500000006,6.761656000106666,2178.9166666666665,2678.9166666666665,0.4347330729166666,30.491666666666692,40.56993600064,0.2416666666666667,6,359700.2388333334
1567468693,0.3083333333333333,0.03074544270833333,6.77,2346.6583333333333,2828.566666666666,0.4351399739583333,31.48333333333344,40.62,0.25833333333333336,6,359700.2388333334
1567468709,0.3,0.03017578125,6.91,2314.3916666666664,2798.3916666666664,0.43519694010416665,31.37500000000007,41.46,0.25833333333333336,6,359700.2388333334
1567468725,0.29166666666666663,0.03006184895833333,6.908265537401088,2218.625,2697.1,0.4357584635416667,30.60833333333325,41.44959322440654,0.25833333333333336,6,359700.2388333334
1567468742,0.29166666666666663,0.03006184895833333,6.631598870734424,2014.708333333333,2508.2666666666664,0.4347005208333333,29.35833333333342,39.78959322440654,0.2416666666666667,6,359710.67400000006
1567468759,0.29166666666666663,0.029833984375,6.663333333333332,2307.025,2787.558333333333,0.4348388671875,31.34166666666644,39.98,0.25,6,358349.5545000001
1567468775,0.3083333333333333,0.03097330729166667,6.7550115834491695,2144.525,2643.25,0.43467610677083335,30.35833333333355,40.53006950069501,0.25,6,358432.0775
1567468792,0.27499583374995834,0.02914992192187031,6.776655166781665,2385.5957120954567,2865.1511465520116,0.4339364704480073,31.76805236143045,40.65993100069,0.2333300003333,6,412345.04466666654
1567468811,0.3083358334583396,0.03051782960241762,6.841666666666668,2261.894533476674,2730.3913637348537,0.4362422540072316,31.624317882560906,41.05,0.2750025001250063,6,411833.2575
1567468828,0.2916691667916729,0.029834235852417627,7.831764072511016,4070.8112001433396,4235.55803040152,0.4358841810905649,37.60765121589296,46.9905844350661,0.2583358334583396,6,411740.2993333335
1567468845,0.275,0.029150390625,11.594922136447876,7270.116666666668,7025.866666666668,0.43580729166666665,50.058333333332406,69.56953281868726,0.25833333333333336,6,411877.58666666655
1567468862,0.2833333333333333,0.0294921875,14.62,7766.633333333332,7449.9333333333325,0.43793131510416666,51.9500000000014,87.71999999999998,0.2833333333333333,7,411877.58666666655
1567468879,0.2916691667916729,0.02983423585241762,17.786666666666665,7287.140002416791,6859.777552627631,0.4385941729540904,49.766233728354656,106.72,0.29166958347917393,7,411967.26666666666
1567468895,0.3071428571428571,0.0310546875,18.1066972836395,3929.735714285714,5097.464285714286,0.4361955915178571,39.98571428571236,108.64018370183705,0.2714285714285714,7,264834.69916666666
1567468912,0.2928546429821366,0.030077885056640025,17.916666666666664,1950.7281468069448,2727.7262854714404,0.4338069330489949,30.136223903090468,107.5,0.2357128572142821,7,264834.69916666666
1567468945,0.2928592858214339,0.030078350318185555,12.228164853172698,2009.56052731208,2491.642586415035,0.434350167215392,28.463690684534182,85.59892022220889,0.2428585715000036,7,227456.44585714285
1567468962,0.3142839286607098,0.031598571438615566,9.454356607142854,2201.1740555829347,2690.9766268829417,0.4384316229919529,29.42914997107287,66.18193541666666,0.2499985714999965,7,227438.49414285712
1567468980,0.2928589286607187,0.030134129474330862,6.8901619047619045,2232.6003332309474,2735.5123841906384,0.4386819452579772,29.36367889823068,48.2326,0.25000142864286073,7,318568.6738571429
1567468997,0.2857121429642804,0.02978494071948188,6.7972062211661575,2265.1762922568155,2737.964870327912,0.4343021360371714,29.99345032748368,47.58285545240914,0.23571250008928124,7,318570.50800000003
1567469013,0.3000017858035759,0.030566607152902287,7.104645416666666,2453.4841999242817,2927.753273377955,0.43430833092993937,31.04942318544508,49.73404166666667,0.2428585715000036,7,318570.50800000003
1567469032,0.2857121429642803,0.029980243454345138,7.384119112370592,2150.262190461905,2660.057569978644,0.4339533884773395,28.85773247051923,51.68883378659415,0.228570000071425,7,318877.70885714283
1567469048,0.2785692858214232,0.029687274704345137,7.34857142857143,2122.9621904619053,2650.314712835787,0.4338138795487681,28.814875327662286,51.44000000000001,0.22142714292856785,7,318807.1534285714
1567469065,0.2928571428571429,0.030133928571428575,7.27,2185.7714285714287,2697.75,0.43857421875,29.50714285714273,50.89,0.25,7,318807.1534285714
1567469081,0.3071428571428571,0.030719866071428573,7.19,2053.4214285714293,2576.792857142857,0.4390206473214285,28.50000000000011,50.33,0.2642857142857143,7,318823.6414285714
1567469098,0.2785735715357197,0.029492412818185564,7.255724514388,2454.6017483017013,2999.9420310301234,0.433813072489562,30.470836041802077,50.790071600716,0.2285728572142893,7,318828.77457142854
1567469115,0.2928550001071375,0.03007790946948188,7.1800000000000015,2236.1052972351386,2698.344450634611,0.4344486245972299,29.78630425621581,50.26000000000001,0.24285535723213844,7,318839.5404285714
1567469132,0.2857064293570643,0.029589010964974925,8.450158870649137,5108.335462882283,5194.063184395846,0.4345997801168544,42.244519119518216,59.15111209454396,0.2428507149285072,7,318828.77457142854
1567469149,0.2928492864999214,0.029881979714974933,10.075534234356606,5723.985462882281,5839.39889868156,0.4349904051168543,40.01594769094467,70.52873964049624,0.2499935720713643,7,318828.77457142854
1567469166,0.2642960723750902,0.028907332687509318,12.267104800761128,5604.6733670209005,5766.798787738631,0.4334487841770985,39.01215195076851,85.86973360532791,0.21429357214292505,7,181639.86342857144
1567469185,0.2928571428571429,0.0298828125,14.108533372189695,5415.392857142859,5575.657142857143,0.4379813058035714,38.81428571428464,98.75973360532792,0.2928571428571429,7,181684.76600000003
1567469201,0.29999750012499377,0.030370853806640025,15.624263814504713,4983.908924553773,5149.092677508981,0.4361715626551262,43.700430335626706,109.36984670153299,0.2642839286607098,7,181685.54942857148
1567469218,0.2714303572321473,0.029004107152902286,15.211428571428574,2303.077019208104,2809.3028726436323,0.4357453269566379,25.885144257213412,106.48,0.242859285821434,7,290162.8414285715
1567469234,0.2999978572499946,0.030175565719481882,13.791447828764,2305.81013270765,2820.477437556693,0.4354182088607623,29.92915354232291,96.54013480134802,0.2571410715178527,8,290162.8414285715
1567469252,0.2785735715357197,0.02929709055207225,11.958721316547345,2365.446861628796,2909.9942068532,0.4347338523455191,30.39227461373077,83.71104921583141,0.2357160715178616,8,290162.8414285715
1567469268,0.30714500010714824,0.03066427805207224,10.505666032896107,2295.3254330573677,2828.7370639960573,0.4356476358276619,29.785131756587898,73.53966223027275,0.257144642946433,8,290162.8414285715
1567469302,0.30625,0.03099365234375,6.11531430217271,1905.4375,2470.31875,0.43734130859375,25.98750000000021,48.923501500715,0.25,8,254464.267375
1567469318,0.2874984375781211,0.029882636727538624,6.232623463541668,2066.506759974501,2621.4152136143193,0.4377109226814049,26.881786223188747,49.86254395833333,0.2437487500624969,8,254464.267375
1567469335,0.2812518750937547,0.02940692688931322,6.432774756944442,2392.116541139557,2939.2205457147857,0.4340847471450721,28.949495287264384,51.46368944444443,0.2375015625781289,8,254465.3435
1567469351,0.2874984375781211,0.029662910165038626,6.490788866774068,2302.2851123068845,2830.843938115594,0.4348151446187457,28.388529636018127,51.927744961970326,0.2437475001249937,8,254478.072875
1567469368,0.2749968751562422,0.029320937517577243,6.5045603771907325,2138.0973041972893,2673.508664879256,0.4339850664937456,27.72602963601812,52.037930934192545,0.22499750012499373,8,254478.072875
1567469384,0.29375406270313514,0.030261629048249288,6.79125,2138.25731880344,2679.827415745787,0.4360284234304489,27.77396244812244,54.33,0.26250375018750943,8,85356.61412500001
1567469408,0.2812484375781211,0.029406562508788626,6.866240925090747,2055.921437365632,2614.354943502825,0.4347324040047997,26.8755105994702,54.929927400726,0.2437487500624969,8,108147.937875
1567469425,0.28750000000000003,0.0296630859375,7.2262499999999985,2463.100000000001,2974.95,0.434954833984375,25.01874999999908,57.81,0.25,8,108146.71024999996
1567469442,0.28125000015625,0.029577636736328124,8.382489900101,4325.395980112879,4724.951196345706,0.4342773479876251,31.287516517984773,67.059919200808,0.231250000125,8,108062.238625
1567469459,0.3000018750937547,0.03017596985806321,9.74125,4383.621100117506,4783.655583091655,0.4352749275036994,31.418305290264698,77.92999999999998,0.2562515625781289,8,108455.75750000004
1567469475,0.2812468751562422,0.02974818361132725,10.767499999999998,4146.9585333233335,4580.197044835259,0.4358649093302171,30.313382768360853,86.13999999999999,0.2499968751562422,8,108145.48162500004
1567469492,0.29375,0.03009033203125,11.6475,4206.28125,4644.143749999998,0.43509521484375,30.306250000001196,93.18,0.25,8,108145.48162500004
1567469508,0.2875,0.0296630859375,12.6150159501595,4179.799999999998,4636.206249999998,0.434942626953125,29.799999999999844,100.920127601276,0.25,8,108145.48162500004
1567469524,0.2875031251562578,0.029834335955079005,12.89875,3323.443338729436,3827.374958435421,0.4372979568167862,32.617815890793125,103.19,0.2750034376718836,8,85373.257
1567469541,0.275,0.0293212890625,11.538764787647874,2083.381250000001,2651.275,0.4353515625,27.024999999999967,92.310118301183,0.24375,8,85373.257
1567469558,0.28124999999999994,0.02940673828125,10.1975,2232.21875,2793.3749999999995,0.435009765625,27.99375000000019,81.57999999999998,0.24375,8,85256.64750000004
1567469575,0.28125,0.029406738281250008,9.12375,2049.825,2643.3875,0.434295654296875,26.66250000000179,72.99,0.2375,8,85256.64750000004
1567469592,0.28125,0.02940673828125,8.088660890772998,2000.6375,2562.7125,0.43470458984375,26.99999999999897,64.70928712618398,0.24375,9,85330.2365
1567469608,0.26875,0.02906494140625,7.23,2086.58125,2682.0562500000005,0.433953857421875,26.47500000000029,57.84,0.225,9,85330.2365
1567469625,0.2749965626718664,0.02915002626333528,6.6025,2187.186827221139,2764.866826658667,0.4345343453652513,26.394801509925195,52.82,0.2374968751562421,9,85330.2365
1567469661,0.27777750015277697,0.029568130984076582,5.718919970668132,1776.8231860137525,2434.8116863813625,0.4341416962044542,19.538911897431273,51.47132426711998,0.23333305568055485,9,76139.88277777778
1567469677,0.27777916673611464,0.029264479174479555,5.535621233306342,1641.7328796995405,2286.5530645976746,0.4339705052201395,18.405078587263507,49.82225605813314,0.2333344445000028,9,76066.9328888889
1567469693,0.2833316667499958,0.029687332365152568,5.3000691846062,1335.3918634623826,2009.25428117483,0.4564483291134923,15.211603864249618,47.70240832613917,0.23888750006944096,9,76078.36922222223
1567469711,0.2722208336805313,0.029188211844615317,4.759921052558481,1098.9009008490452,1758.609555337892,0.43328752257288816,12.906058485188987,42.84111479842673,0.22222111138886946,9,76078.36922222223
1567469728,0.2722080573747146,0.029186786770882638,4.142767465793377,817.460162369544,1485.326143573432,0.4337379138227224,9.716210724925544,37.28571454760596,0.22221111255532786,9,76078.36922222223
1567469745,0.30001166875032925,0.03063267653375163,3.29999600004,512.9184043941802,1170.5084758452758,0.43424005646221575,5.990784903368193,29.699964000359998,0.2333433350558306,9,76078.36922222223
1567469761,0.27222388897222644,0.02903662598494508,2.3677777777777766,235.201455628337,895.3777380535694,0.433693813054368,4.2105802512362125,21.31,0.22222361118055906,9,51025.96844444445
1567469777,0.2666669445972229,0.02880860515942385,1.4144444444444444,227.9776390159441,882.8937696572067,0.4332031417880725,4.0277752244594485,12.73,0.2166669445694452,9,51025.51433333333
1567469794,0.2888888888888889,0.029871961805555555,0.9311068447004291,229.92222222222225,880.7166666666667,0.4338650173611112,4.066666666665826,8.37996160230386,0.2333333333333333,9,50908.97933333335
1567469810,0.2777777777777778,0.029416232638888887,0.5611120111381119,228.67222222222225,875.55,0.4334201388888889,4.038888888889463,5.050008100243008,0.22222222222222224,9,50908.97933333335
1567469828,0.2833330557083326,0.029644085845187688,0.2011120111381119,232.51122429695857,897.3726307792093,0.4335883110586344,4.133333557874855,1.8100081002430068,0.2277775001249993,9,50911.433555555566
1567469844,0.28889027784722565,0.02987211806336844,0.05222222222222223,233.5067436705169,907.1657216194144,0.4340627369367601,4.227243862193732,0.47,0.2333344445000028,9,50913.95533333332
1567469862,0.27222055563888475,0.029188200420708126,0.05,226.09880478198315,869.6955466115583,0.4332875166680034,3.994978862167876,0.45,0.2166652778472188,9,50913.95533333332
1567469879,0.2777791667361146,0.029416388896701774,0.04999977778666631,233.173460061892,896.6768907889839,0.4336938122405252,4.216134140040007,0.4499980000799968,0.2222233333888917,9,50526.895111111124
1567469896,0.27777472237499234,0.029263999039631363,0.050000333353334536,221.1364265120077,868.8012385491836,0.4334967024435237,4.017733002237082,0.4500030001800108,0.2277752779027715,9,50509.05311111111
1567469912,0.2777811112777861,0.029264658219890164,0.05,220.46353039874214,861.676151585357,0.4337667618515475,4.026710502192911,0.45,0.2277805556944513,9,50503.72422222223
1567469929,0.2777811112777861,0.029264658219890164,0.05,218.40241928763103,856.3594849186902,0.4339783503932141,3.9878216133027617,0.45,0.2277805556944513,9,50503.72422222223
1567469945,0.2888888888888889,0.029720052083333337,0.05,223.06666666666663,873.4055555555556,0.4342013888888889,4.133333333333774,0.45,0.2388888888888889,9,50513.056555555566
1567469962,0.2722208334027743,0.02903630209114544,0.049999944444999986,221.3711108889,869.1680102106004,0.4334828408319168,4.0672002510990914,0.4499995000049999,0.2222211111666639,9,50519.30622222223
1567469978,0.28333333349999995,0.029492187516764325,0.05000022223111147,222.72765150737467,871.582436845567,0.43396267602273225,4.072221057750337,0.4500020000800032,0.23333333347222224,9,34855.059
1567469994,0.277778055708334,0.02941625164417865,0.05,223.97237401286148,879.8341474300992,0.4335557665706516,4.16111244676358,0.45,0.22222222233333333,9,34845.72666666667
1567470011,0.2944422226944097,0.029947726281165463,0.05,218.52074003965728,864.4829593272542,0.4345787191390634,4.044973200286457,0.45,0.24444250040274795,9,34767.45644444445
1567470028,0.2888866671388541,0.029719861697832126,0.05,221.687406706324,871.1885148828095,0.4342694743473968,4.144973200287377,0.45,0.2388869448471924,9,34684.37033333333
1567470045,0.2777791670139132,0.0292644792057319,0.05,220.94028336853646,860.8280790153411,0.43386199061771774,4.027246255614575,0.45,0.2277788891666861,9,34595.015
1567470062,0.2833333335,0.029492187516764325,0.11888894444499999,319.7498574296385,971.8935239122754,0.4341200043107232,4.805551336291519,1.070000500005,0.2333333334722222,9,34595.015
1567470078,0.2777780557083341,0.029416244048312744,0.4366666666666667,608.5720078920689,1255.5279960285422,0.4335123827821317,6.750002448486232,3.9299999999999993,0.2222225001250007,9,34595.015
1567470094,0.2833333333333333,0.0294921875,0.8455547666745554,1027.1888888888886,1704.716666666667,0.4343532986111111,9.411111111111426,7.609992900070997,0.2333333333333333,9,34605.844222222215
1567470111,0.2944444444444444,0.030099826388888886,1.3155485223965508,1219.5444444444445,1888.672222222223,0.4345920138888889,10.572222222221763,11.839936701568954,0.2388888888888889,9,3122.895333333333
1567470127,0.29444166694441665,0.030251423642357982,2.0366596335076617,1553.8478541034788,2237.1682542856825,0.4343593407586325,12.789853792399347,18.329936701568954,0.2333311113333111,9,3085.0470000000005
1567470143,0.27777583581912296,0.029415954589290843,2.9944243898916167,1811.5550730234438,2476.6509056502327,0.4338331524163244,14.83984557763088,26.94981950902455,0.22222083534696888,9,3085.0470000000005
1567470161,0.2833322224444416,0.029492042667235967,4.08775772322495,2147.4864980932025,2781.5060953100847,0.4339602754262364,16.711564374584867,36.78981950902456,0.2277769446249979,9,3085.0470000000005
1567470178,0.29445361240300905,0.029948888488714024,5.286666666666668,2418.5794491926154,3071.3587203735606,0.4353661645747433,18.386239606483933,47.58,0.2555652792641633,9,3087.673222222222
1567470195,0.2666652778472188,0.028808437507812108,6.121117688954668,2656.8010502252664,3282.013958468743,0.4336130437401741,20.261554700042986,55.090059200592,0.21666555561110834,9,3090.3225555555555
1567470211,0.2722238889722264,0.02903662598494508,6.890033267503357,2638.272016656389,3261.2807684828695,0.43397594413140794,20.07178275580433,62.01029940753021,0.22222361118055906,9,3079.594
1567470227,0.28889055563889304,0.029948084318278414,7.43662434097341,2832.4942388786103,3420.775212927313,0.435245475381408,21.19400497802648,66.9296190687607,0.2500013889583368,9,3079.594
1567470244,0.2833333333333333,0.029644097222222224,8.138935835680671,3169.45,3768.2888888888892,0.4346082899305555,23.15555555555648,73.25042252112605,0.2333333333333333,9,3045.802333333333
1567470260,0.26666666666666666,0.02880859375,8.643380280125116,2973.666666666666,3539.3555555555554,0.43357747395833335,22.22222222222096,77.79042252112606,0.21666666666666667,9,3050.961
1567470276,0.2833333333333333,0.0294921875,9.095555555555556,3194.9444444444453,3727.3111111111107,0.4359266493055556,23.54444444444273,81.86,0.25555555555555554,9,3050.961
1567470293,0.2722222222222222,0.02903645833333333,9.404444444444444,3347.7111111111108,3877.433333333333,0.4358615451388889,24.277777777778184,84.63999999999999,0.2500000000000001,9,3115.131888888889
1567470311,0.2777777777777777,0.02926432291666666,9.691078412092082,3255.305555555556,3784.0555555555534,0.4342719184027778,23.988888888889107,87.21970570882874,0.2333333333333333,9,3163.2662222222225
1567470328,0.2611111111111111,0.028580729166666662,9.898915883090114,3223.0888888888885,3745.816666666666,0.4335774739583334,25.422222222223482,89.09024294781099,0.2166666666666667,9,3163.887444444445
1567470345,0.28888750006944103,0.029871805563367663,10.315508712984816,3563.217637451461,4067.8309584520775,0.435392558985332,26.517074146291808,92.83957841686329,0.2499988889444417,9,3215.3642222222225
1567470361,0.2833333333333334,0.02979600694444445,10.781111111111107,3769.255555555556,4226.738888888888,0.434423828125,27.48333333333379,97.03000000000002,0.2277777777777778,9,3198.274888888889
1567470378,0.2833333333333334,0.029644097222222224,11.217765422345776,3726.1,4160.183333333333,0.4341091579861111,27.572222222222532,100.959888801112,0.2277777777777778,9,3260.161
1567470394,0.2722222222222222,0.02903645833333333,11.576639778315544,3947.411111111112,4356.027777777777,0.436083984375,28.744444444444515,104.18975800483992,0.25555555555555554,9,3266.731444444445
1567470411,0.27222222222222225,0.029188368055555563,11.93334924626625,3987.5944444444453,4396.583333333334,0.4347330729166666,28.816666666667107,107.40014321639627,0.2333333333333333,9,3269.9654444444445
1567470427,0.277779444527782,0.029416400290500636,12.287874891533413,4119.61794673067,4542.370540471469,0.4348114481461921,29.58293775799869,110.59087402380068,0.2333347222916701,9,3284.590333333333
1567470444,0.2722208334027743,0.02903630209114544,12.472265980186975,3909.2892538706396,4322.581571199217,0.4351755475377273,28.68929053547221,112.25039382168282,0.2444433333888861,9,3286.0602222222224
1567470461,0.2833333335,0.029644097238986544,12.666666666666664,3989.348009967176,4389.836876561051,0.4351128235933701,28.66666996050084,114.0,0.2388886112638882,9,3290.9204444444454
1567470478,0.2722238889722264,0.029188535707167305,10.935253557536962,2135.678415587446,2693.787591879594,0.433590737967888,16.477281086277905,98.41462951783268,0.2166680556250035,9,3259.908111111111
1567470495,0.26875031267187577,0.028894055804351837,9.196781289872401,577.6806103505296,1240.9562067089219,0.4339233645298463,9.094444114623993,82.76835494218497,0.21875031264062567,8,3296.199625
1567470511,0.28750031267187576,0.02966309877310184,8.10159004507816,1715.2924626737,2298.390928947461,0.4344909624914092,15.350088842777614,72.9112362390368,0.2375003126406258,8,3295.3275000000012
1567470544,0.26249187634349536,0.028636803738893525,8.138261687126594,4553.107296565287,4838.449763093354,0.4348984974921571,32.18521273546436,73.23789185080602,0.2312434385779211,8,3454.671875
1567470561,0.2875056265940453,0.029663651893736983,8.905,4659.380232255453,4917.83115323736,0.4362203981417128,33.486336850265296,71.24,0.2562546888283712,8,3454.671875
1567470579,0.2812590640784289,0.029578567054229836,11.17625,4677.049402417861,4939.992634071215,0.4357253822738982,33.06673184935616,89.41,0.2437581263440048,8,3535.3075
1567470595,0.2812481250937453,0.02940654969204665,13.21625,4804.2132558997055,5048.967715676717,0.4364535810685053,33.91292029148656,105.73,0.26249843757812114,8,3535.3075
1567470613,0.2687484375781211,0.028893867196288617,14.676323867345355,4550.097771048947,4792.065834520774,0.4342258143440484,34.84413654317098,117.41059093876284,0.22499875006249687,8,3481.156375
1567470630,0.26249843757812114,0.028637519540038618,14.805,4494.741521048948,4754.153334520774,0.4347324061409234,36.05663654317373,118.44,0.2312487500624969,8,3471.671125000001
1567470647,0.29375,0.029919433593750006,14.9975,4930.23125,5149.518749999998,0.4347839355468751,34.92499999999893,119.98,0.24375,8,3558.20775
1567470663,0.26875343767188364,0.02889440736685272,15.18625,4881.917916208311,5139.8530917170865,0.436455662809996,34.480415895796824,121.49,0.25625343767188363,8,3632.487875
1567470680,0.2874984375781211,0.029662910165038626,15.32375,4871.538535260736,5065.57560559472,0.4357516901986932,34.56289560521772,122.59,0.2499987500624969,8,3632.487875
1567470697,0.2812518750937547,0.029577825326813217,15.421269087690876,5057.149038389421,5245.20633500425,0.4369595075823127,35.36209529226315,123.37015270152702,0.2625015625781289,8,3633.51075
1567470714,0.28125,0.02940673828125,15.621249262889126,5178.68125,5348.7750000000015,0.434375,36.42500000000126,124.96999410311301,0.23125,8,3633.51075
1567470730,0.2875,0.0296630859375,15.7575,5146.79375,5321.043750000002,0.435601806640625,36.06874999999803,126.06,0.25,8,3662.11975
1567470747,0.2624750104634169,0.028634883989634406,15.702460125797485,4821.985379755166,5006.971122731924,0.4337213956658848,34.6629525011694,125.61968100637985,0.2124800083707336,8,3663.714875
1567470764,0.28751782502179485,0.029664823045236037,15.87375,5209.487870271889,5337.01129643865,0.4361268289775668,36.39017632681609,126.98999999999998,0.25626501041139504,8,3752.3459999999995
1567470781,0.2625037509376219,0.0286380726040772,15.915,4751.2823149493,4911.268913369871,0.4349846665827725,40.686654169752615,127.32,0.2312528132969758,8,3769.054125
1567470798,0.2749943758436235,0.02914982491395822,14.208474077366946,2516.6198392116185,3021.647605671649,0.4360453234871215,26.470321014346514,113.66779261893556,0.2499953132030195,8,3841.316375
1567470815,0.2874900021871282,0.029662005850118318,12.702759084547875,1933.5450234999769,2506.235706842542,0.43524986802410986,26.209392130508533,101.619297676383,0.2437418767809485,8,3841.316375
1567470831,0.28125375243767825,0.02940711572371177,10.684491878611011,1381.636176133873,1968.0274831224633,0.4353997545120389,19.53621833558196,85.47154127888807,0.2375031270313985,8,4292.567571428572
1567470848,0.3000085731432001,0.0303719560876461,8.951269163087382,1150.4488983510987,1805.9739576486725,0.4356500010939688,16.71174679950531,71.60649580469907,0.2500071442860001,7,4118.9718571428575
1567470864,0.27143035723214737,0.029004107152902286,7.249276841768039,2221.274199424257,2780.4575621638232,0.4345873575068263,28.55730598859673,57.991179317477645,0.2285728572142893,7,4062.0627142857134
1567470881,0.2785714285714286,0.0294921875,5.282011302083333,1851.0,2396.714285714286,0.43486328125,26.28282101434753,42.25493083333333,0.2285714285714285,7,73098.84985714286
1567470897,0.28571250008928123,0.02984075893861557,5.5529796121682145,1830.300410693751,2370.438676637597,0.4388292168120389,26.95775354089455,38.87085728517751,0.2428557143571393,7,73098.84985714286
1567470915,0.2785714285714286,0.029296875,5.87,2386.642857142857,2873.7714285714287,0.43574916294642857,31.007142857143076,41.09,0.24285714285714285,7,73098.84985714286
1567470931,0.2571428571428572,0.02841796875,7.967142857142857,4968.949999999999,4990.542857142857,0.4382432095610621,45.05039676587822,55.77,0.2714260715535652,7,73098.84985714286
1567470948,0.2857121429642803,0.02958962821948188,10.16430228588,6064.802067039504,5896.88179698158,0.4388082207217765,43.0789681944456,71.15011600116,0.2928546429821366,7,73107.39142857143
1567470965,0.2785753573392955,0.029297291454974537,12.624302285880002,6532.8111762731005,6379.824351931882,0.437555089598788,45.77064460365984,88.37011600115999,0.2642896430535813,7,73264.53742857142
1567470982,0.2642857142857143,0.0287109375,15.221428571428573,6257.828571428572,6079.65,0.4362862723214286,45.078571428569575,106.55,0.24285714285714285,7,73370.51342857143
1567470998,0.2785714285714286,0.029296875000000007,17.075714285714284,5503.8714285714295,5498.607142857142,0.4350934709821429,39.642857142855355,119.53,0.2357142857142857,7,73802.15671428572
1567471015,0.2785714285714285,0.029296875,16.955714285714286,2400.15,2851.378571428572,0.4350027901785714,29.65714285714301,118.69,0.2357142857142857,7,94410.00471428574
1567471031,0.2714285714285714,0.02900390625,15.792857142857144,2215.5857142857144,2714.2571428571428,0.434912109375,29.292857142857137,110.55,0.2285714285714285,7,94410.00471428574
1567471047,0.27855678794603844,0.029295381084921645,13.53,2111.6995766346645,2591.1203787998875,0.4350647455224338,28.732675811786546,94.71,0.2357021447139608,7,94410.00471428574
1567471065,0.27858250162529563,0.029298095187149542,10.96285714285714,1930.08583379409,2434.097853725953,0.4353352723892005,27.47492623759636,76.74,0.2357232155895224,7,94410.00471428574
1567471082,0.2785714285714286,0.029296875,8.662857142857144,2370.65,2845.407142857143,0.4350655691964286,30.07857142857087,60.64,0.2357142857142857,7,94410.00471428574
1567471099,0.2642875000892902,0.02871113840290229,6.8914184001017125,2154.6436253955553,2621.990658461494,0.4347059425376403,29.19225961298057,48.23992880071199,0.22143000007143213,7,155310.30442857146
1567471115,0.2857142857142857,0.02958984375,6.735714285714287,2081.65,2588.542857142857,0.4356515066964286,28.378571428571444,47.15,0.24285714285714285,7,167573.62100000007
1567471132,0.26428178591070445,0.02871052108666888,6.661428571428571,2283.78382509446,2793.8037569550097,0.4347175721571064,29.315466012413808,46.63,0.22142535730356336,7,167573.62100000007
1567471148,0.26428178591070445,0.02871052108666888,6.681471741071428,2259.63382509446,2774.6466140978664,0.4345850386749636,29.45832315527081,46.76855510416666,0.22142535730356336,7,167573.62100000007
1567471165,0.28571392876785623,0.029589829122384174,6.332836825396825,1673.0049998032446,2266.311724867833,0.4351632086665213,21.59283708214298,44.32755666666666,0.2428567858749991,7,194800.52050000004
1567471181,0.275,0.029150390625,5.447041428571428,1033.7,1710.6833333333334,0.4345703125,14.150597113001616,38.12638333333333,0.2333333333333333,6,194800.52050000004
1567471198,0.2833250016663334,0.029491250187462507,5.205827813850108,1544.7269512764115,2223.7671065786844,0.4350441597878341,16.91729377366908,36.439381119944656,0.24166000133306675,6,194090.57233333337
1567471216,0.25833958510449484,0.028467500199255667,5.467770119047619,2371.6444838742755,2862.119361313557,0.436192564935875,29.62034306559089,38.27323125,0.2416733350836625,6,201277.15716666667
1567471233,0.2833358334583396,0.029492438977417625,7.873333333333332,6511.881866176642,6181.603516009134,0.4361445814803761,54.366304981918994,47.24,0.2500020834375052,6,201328.56916666668
1567471250,0.30000250012500623,0.030176032727417618,10.225,7204.481866176642,6782.428516009135,0.4382604668970428,50.99963831524705,61.35,0.2833354167708385,6,201351.8715
1567471266,0.25833333333333336,0.028466796875,13.751666666666667,7245.4416666666675,6698.516666666666,0.43681640625,49.091666666666924,82.50999999999998,0.25,6,201375.21483333336
1567471283,0.2833333333333333,0.0294921875,17.313333333333333,6833.8083333333325,6354.4416666666675,0.43715006510416665,54.30833333333453,103.88,0.26666666666666666,6,201944.2466666668
1567471299,0.2749979167708282,0.02915015626171816,18.026666666666667,4503.861817742445,4610.225090828792,0.43760217994959627,38.76728538573259,108.16,0.2666650000833292,6,201945.73283333337
1567471316,0.2833358334583396,0.029492438977417625,17.549919002429927,2391.3697609880496,2902.541700001667,0.43551794411009614,32.0409799656648,105.29951401457956,0.2416687501041719,6,235049.3408333333
1567471332,0.26666666666666666,0.02880859375,15.796585669096597,1964.7416666666666,2450.1916666666666,0.4347900390625,29.625000000000163,94.77951401457956,0.225,6,235049.3408333333
1567471349,0.25833333333333336,0.028466796875,13.361666666666665,1954.716666666667,2417.2333333333336,0.4343180338541667,29.47500000000029,80.16999999999999,0.21666666666666667,6,235049.3408333333
1567471366,0.3083333333333333,0.030517578125,10.171653083469169,2155.475,2619.133333333333,0.43638509114583335,30.40000000000001,61.029918500815,0.26666666666666666,6,235049.3408333333
1567471383,0.2583333333333333,0.028466796875,7.318319750135831,2278.5166666666664,2768.291666666667,0.4344807942708333,31.26666666666665,43.90991850081499,0.21666666666666667,6,235157.349
1567471400,0.275,0.029150390625,6.8116666666666665,2251.058333333333,2710.025,0.4352783203125,31.291666666666824,40.87,0.2333333333333333,6,235157.349
1567471433,0.2749975001249937,0.02915013917272886,6.6566982676146935,2241.3874897921773,2701.2237479792675,0.4353886224145824,31.08401413262609,39.94018960568817,0.23333125010416145,6,235173.88933333327
1567471449,0.2833308334583271,0.029491936047728862,6.843333333333334,2358.412489792177,2826.632081312601,0.4356083489770824,31.69234746595983,41.06,0.2416645834374948,6,235065.88116666672
1567471466,0.2833354167708385,0.02949242188671933,6.901677600109334,2171.9257221194393,2645.3642961314736,0.4355097959162281,30.88263413170692,41.41006560065601,0.24166833341667085,6,234994.142
1567471482,0.26666666666666666,0.02880859375,6.790010933442668,2105.133333333333,2578.3,0.4345621744791667,30.266666666666044,40.74006560065601,0.225,6,234994.142
1567471502,0.275,0.029150390625,6.635,2081.45,2560.4833333333336,0.43513997395833337,30.24166666666701,39.81,0.2333333333333333,6,234994.142
1567471520,0.26666416679166044,0.028808342297728863,6.180541145833333,1539.5900879956002,2181.2183536656507,0.4348515171083894,19.09240996283583,37.081797916666666,0.2249979167708281,6,234994.142
1567471537,0.2799995002749987,0.029355448271337837,6.4789718518518535,1734.6549245693375,2309.6062405410653,0.4354101430117676,20.94163534964661,38.872473472222225,0.23999950022499875,5,281387.36740000005
1567471554,0.2800030001500075,0.029355770522901142,7.496855486111111,6945.205701785089,6774.849640482024,0.4371723219950061,42.157941647081344,44.97970416666666,0.26000250012500625,5,281387.36740000005
1567471570,0.29000300015000746,0.029765926772901144,9.867613263888888,8412.115701785091,7671.849640482024,0.4385785719950061,50.2496083137488,59.20440958333333,0.2800025001250062,5,280646.57200000004
1567471587,0.27,0.0290625,13.225554444444445,8229.12,7496.98,0.4415625,49.78333333333315,79.35202333333334,0.26,5,280900.3208
1567471603,0.2599970001499925,0.02865204200727464,17.09,5272.92173041348,5075.901499425028,0.4426615983653942,52.6706069696516,85.44999999999997,0.2799965001749912,5,280900.3208
1567471621,0.3,0.03017578125,17.335964520354796,1944.54,2422.76,0.436142578125,32.0600000000004,86.67982260177399,0.26,5,280958.27800000005
1567471638,0.2800030001500075,0.029355770522901142,16.622,2024.223127656383,2504.0596374818742,0.4357270051002551,32.86917345867282,83.11,0.24000250012500626,5,280958.27800000005
1567471654,0.2799975001249937,0.0293551875140618,14.438,2047.0800024998748,2493.483109344533,0.4356792668179091,32.83084895755205,72.19,0.2399980000999949,5,286074.1572
1567471672,0.28,0.02935546875,11.254000000000001,2177.93,2629.9999999999995,0.435751953125,33.32999999999993,56.26999999999999,0.24,5,241050.961
1567471689,0.27,0.0289453125,7.9179999999999975,2207.49,2673.29,0.435048828125,33.63999999999987,39.59,0.23,5,241065.522
1567471708,0.2900025001250063,0.0300393437640632,6.412000000000001,2074.7120736036804,2514.5581459072955,0.4359906628143908,32.95916695834795,32.059999999999995,0.240002000100005,5,241070.3
1567471725,0.2699970001499925,0.02894501075727464,6.638014560145601,2078.089250537473,2512.932887355633,0.43546439621378297,32.860846457676786,33.190072800728004,0.22999750012499376,5,241070.3
1567471741,0.27000250012500626,0.028945593764063207,6.608,2234.3129416470824,2649.189479973999,0.4369672990485462,33.609165458272585,33.04,0.2500030001500075,5,241070.3
1567471758,0.27,0.0289453125,6.89,2257.63,2706.24,0.435078125,34.0300000000002,34.45,0.23,5,241070.3
1567471774,0.28,0.02935546875,6.928,2224.73,2671.8,0.435859375,34.2800000000002,34.64,0.24,5,204047.5356
1567471790,0.27,0.0289453125,6.88,2301.5,2746.67,0.43521484375,34.43000000000029,34.32,0.23,5,204047.5356
1567471807,0.2799970001499925,0.02962860450727464,6.834,1843.3009554522268,2258.184772261387,0.4352983805887831,31.550855457226863,34.17,0.22999750012499376,5,203898.0036
1567471824,0.2900025001250062,0.0297659062640632,7.439999999999999,3499.72380519026,3573.6091844592224,0.4369574943590929,34.76918295914794,37.2,0.26000250012500625,5,203893.2256
1567471841,0.28,0.02935546875,10.35512575,7671.650000000002,7052.839999999997,0.437861328125,52.78000000000293,51.77315437499999,0.27,5,254242.9875
1567471858,0.2799975001249937,0.0293551875140618,10.503832083333332,5784.889008549571,5495.126504174791,0.4365678913319959,40.09077496125481,52.5174625,0.2499975001249937,5,254375.021
1567471875,0.2875037501875094,0.029663463153626432,9.785951583333333,988.401719460973,1630.9845123506175,0.43534479580424335,16.819097954895632,48.92731291666666,0.23750312515625785,4,254375.021
1567471891,0.2499968751562422,0.028124648455077245,10.0914735,2431.5976663666816,2857.2382705864698,0.4367377029097764,24.20058047097855,50.45454624999999,0.2374968751562421,4,192721.414
1567471908,0.2874931253437328,0.029662357214170543,12.376440166666667,7748.446803284834,6932.704207914605,0.439149210752353,52.951160441978644,61.878730000000004,0.2874931253437328,4,192734.41975
1567471924,0.2750031251562578,0.029150742205079006,15.6375,4747.878160158008,4571.500166883345,0.43933653408744655,52.23944047202338,62.55,0.2750031251562578,4,43158.33075
1567471940,0.2750031251562578,0.029150742205079006,11.68,2191.4605161508075,2451.706161558078,0.4368828530537856,37.398932446622425,46.72,0.25000250012500624,4,43158.33075
1567471957,0.27499625018749063,0.029150013446593293,11.147472300276997,2176.817277261137,2589.1596882655867,0.4363104653605209,38.5385180740962,44.58988920110799,0.2374968751562421,4,43145.325
1567471974,0.2875031251562578,0.030005234392579006,11.8425,2325.5200566278313,2723.153205160258,0.4360772060819838,38.93648557427883,47.37,0.23750250012500626,4,43145.325
1567471991,0.2999812546863284,0.030173895735050613,11.471249999999998,2186.660378655336,2534.311181579605,0.43691125558454136,38.01771119720108,45.88499999999999,0.26248437890527365,4,43145.325
1567472008,0.26248125468632844,0.028635809797550614,8.5025,2005.447878655336,2369.886181579605,0.4354708258970413,37.04271119720026,34.01,0.22498437890527367,4,43145.325
1567472025,0.2875156289072268,0.029664844189563014,6.795,2127.165510127532,2515.094826831708,0.4361598761506783,37.607261190297756,27.18,0.25001250312578144,4,192615.717
1567472041,0.27499625018749063,0.029150013446593293,7.027482975170249,2090.8473745062747,2451.351519299035,0.4358466036659104,37.28854682265878,28.10993190068099,0.2374968751562421,4,192615.717
1567472060,0.275,0.029150390625,6.890018250182504,2024.5,2361.8125,0.43580322265625,37.20000000000084,27.560073000730014,0.2375,4,192516.6785
1567472076,0.275,0.029150390625,6.825,2187.975,2553.9625,0.435986328125,38.38749999999948,27.3,0.2375,4,264137.65775
1567472093,0.2750031251562578,0.029150742205079006,6.817340939315461,2166.8798789939497,2551.3131175308763,0.43740775478715344,37.97396557327823,27.269363757261843,0.26250250012500626,4,264137.65775
1567472109,0.2875031251562578,0.029663437517578998,6.7598409393154615,2137.7298789939496,2511.5256175308764,0.43618705166215344,37.611465573278274,27.039363757261853,0.25000250012500624,4,264137.65775
1567472127,0.2499968751562422,0.02812464845507725,8.202524925249254,3995.3919741512927,4040.2618106594655,0.43646915859773416,40.200996200186964,32.810099700997014,0.2374968751562421,4,264177.19925
1567472144,0.2875037501875094,0.029663463153626432,11.587524925249252,8832.949392469623,8017.291652707636,0.4385552901912674,60.66194247212556,46.350099700997006,0.2750037501875094,4,264296.8005
1567472161,0.2625,0.0286376953125,15.659999999999998,8490.124999999998,7785.7625,0.4356689453125,57.17499999999916,62.64,0.225,4,43205.429250000016
1567472177,0.275,0.029150390625,18.541875,7980.4625,7368.25,0.43514404296875,53.9999999999992,74.16749999999998,0.225,4,43205.429250000016
1567472194,0.26666666666666666,0.02880859375,16.94294564780153,2162.2666666666664,2511.15,0.43447265625,31.39999999999986,67.76834738287279,0.21666666666666667,4,56551.40333333334
1567472210,0.25,0.028125,16.465680387384865,658.5,1283.35,0.43610026041666666,26.525000000001448,65.85837071620612,0.2333333333333333,3,56551.40333333334
1567472227,0.3,0.03017578125,14.7746578125,1313.25,1878.25,0.43935546875,36.77499999999783,59.09068333333334,0.3,3,56551.40333333334
1567472243,0.26666666666666666,0.02880859375,11.344350208333333,1803.6833333333327,2224.8,0.4359375,46.48750000000007,45.36828333333333,0.2333333333333333,3,316389.63833333337
1567472260,0.2833333333333333,0.0294921875,7.923333333333333,1995.083333333333,2426.9666666666667,0.436865234375,44.96666666666745,23.77,0.25,3,316389.63833333337
1567472277,0.26666666666666666,0.02880859375,4.956666666666667,2205.016666666667,2531.683333333333,0.43553059895833335,45.66666666666606,14.87,0.2333333333333333,3,316389.63833333337
1567472294,0.26666666666666666,0.02880859375,6.073333333333332,2305.65,2673.383333333333,0.4359375,46.25,18.22,0.2333333333333333,3,316389.63833333337
1567472311,0.3,0.03017578125,6.739166666666668,2118.15,2522.9666666666667,0.4371419270833333,45.58333333333318,20.2175,0.26666666666666666,3,316389.63833333337
1567472327,0.25,0.028125,6.923333333333333,1973.333333333333,2340.683333333333,0.43561197916666666,44.033333333334205,20.77,0.21666666666666667,3,316389.63833333337
1567472344,0.3,0.03017578125,7.08,2015.283333333333,2367.3,0.4377604166666667,44.533333333333,21.24,0.26666666666666666,3,316389.63833333337
1567472360,0.2833333333333333,0.0294921875,7.133333333333334,2144.433333333333,2483.116666666667,0.4371256510416667,45.48333333333252,21.4,0.25,3,316389.63833333337
1567472376,0.26666666666666666,0.02880859375,6.966666666666668,1966.35,2392.9666666666667,0.4363118489583333,44.58333333333334,20.9,0.2333333333333333,3,172928.67133333333
1567472393,0.2833333333333333,0.0294921875,6.99,2150.35,2537.9500000000007,0.436279296875,45.11666666666694,20.97,0.25,3,316389.63833333337
1567472409,0.25,0.028125,6.91,2163.883333333333,2503.9666666666667,0.43544921875,45.40000000000114,20.73,0.21666666666666667,3,316389.63833333337
1567472427,0.3,0.03017578125,8.756630133698662,4589.133333333333,4598.45,0.4385091145833333,50.43333333333066,26.269890401095985,0.2833333333333333,3,315826.77666666673
1567472447,0.2833333333333333,0.0294921875,13.363333333333333,9386.45,8853.283333333333,0.4363932291666667,65.18333333333203,40.09,0.25,3,315948.7233333334
1567472464,0.2833333333333333,0.0294921875,16.44,9062.6,8561.066666666668,0.4380045572916667,63.433333333338545,49.32,0.26666666666666666,3,315948.7233333334
1567472481,0.2833333333333333,0.0294921875,19.323333333333327,5714.95,5788.3166666666675,0.43683268229166666,42.13333333333973,57.96999999999999,0.25,3,315948.7233333334
1567472498,0.26666666666666666,0.02880859375,19.13,2605.5166666666664,2952.65,0.435986328125,46.73333333333024,57.38999999999999,0.2333333333333333,3,315948.7233333334
1567472514,0.3,0.03017578125,19.666666666666668,1826.6166666666666,2226.9666666666667,0.4374186197916667,43.28333333333376,59.0,0.26666666666666666,3,172487.75633333332
1567472530,0.3,0.03017578125,14.388135750470006,1558.0666666666666,2103.6,0.43753255208333336,27.733333333336912,43.160548084743354,0.26666666666666666,3,257059.132
1567472547,0.275,0.029150390625,10.8175125,325.375,901.975,0.43486328125,12.766666666661875,32.44935833333333,0.225,3,256943.9465
1567472563,0.3,0.03017578125,7.0092454166666665,731.25,1214.6,0.4393310546875,26.216666666667447,21.025220625,0.3,2,256943.9465
1567472581,0.275,0.029150390625,3.5562991666666663,2074.275,2309.775,0.4375732421875,44.61666666666891,10.667626666666663,0.25,2,256943.9465
1567472598,0.3,0.03017578125,4.315,2031.275,2300.3,0.4386474609375,44.400000000001306,8.629999999999999,0.275,2,256943.9465
1567472614,0.3,0.0310546875,4.3599999999999985,2085.55,2358.325,0.450048828125,58.99999999999977,8.719999999999999,0.275,2,256943.9465
1567472631,0.275,0.029150390625,5.675,2016.925,2317.375,0.4375244140625,58.79999999999539,11.35,0.25,2,245946.832
1567472648,0.3,0.03017578125,6.2650000000000015,2110.725,2405.0,0.4385498046875,58.70000000000346,12.53,0.275,2,245946.832
1567472664,0.275,0.029150390625,6.965,1941.775,2320.45,0.4375244140625,56.92499999999428,13.93,0.25,2,245946.832
1567472680,0.275,0.029150390625,7.045,1938.625,2351.675,0.437548828125,53.30000000000836,14.09,0.25,2,245924.3065
1567472697,0.25,0.028125,7.004999999999999,2006.6,2409.850000000001,0.436474609375,53.42500000000882,14.009999999999998,0.225,2,245924.3065
1567472713,0.3,0.03017578125,6.765,1882.7,2399.05,0.4383056640625,44.774999999997355,13.53,0.275,2,245924.3065
1567472730,0.275,0.029150390625,6.279999999999999,1758.9,2357.850000000001,0.4352783203125,26.675000000002452,12.56,0.225,2,245924.3065
1567472748,0.275,0.029150390625,5.74,1167.1999999999996,1809.725,0.435791015625,10.774999999994181,11.48,0.225,2,245924.3065
1567472765,0.3,0.03017578125,5.03,217.45,825.0999999999997,0.4361572265625,4.025000000001455,10.06,0.25,2,186028.5015
1567472781,0.25,0.028125,3.64,224.15,865.7750000000003,0.433837890625,4.225000000001273,7.2799999999999985,0.2,2,186028.5015
1567472798,0.275,0.029150390625,2.2749999999999995,230.925,880.45,0.43505859375,4.300000000000637,4.549999999999999,0.225,2,185974.13199999998
1567472814,0.275,0.029150390625,1.1149999999999998,218.275,829.725,0.435498046875,3.949999999999818,2.2299999999999995,0.225,2,185974.132
1567472830,0.275,0.029150390625,0.135,214.575,823.6500000000003,0.4353271484375,3.92500000000382,0.27,0.225,2,185974.13199999998
1567472847,0.275,0.029150390625,0.05,223.9,873.675,0.4354248046875,4.15000000000191,0.1,0.225,2,185974.132
1567472863,0.3,0.03017578125,0.044186875,226.825,874.6,0.43623046875,4.124999999996817,0.08836041666666666,0.25,2,369005.883
1567472881,0.3,0.03017578125,0.040558333333333335,228.05,917.25,0.43740234375,4.049999999999727,0.08110625,0.25,1,164958.759
1567472898,0.3,0.03017578125,0.03700125,228.05,917.25,0.43740234375,4.049999999999727,0.07399291666666667,0.25,1,164958.759
1567472915,0.25,0.028125,0.03348583333333333,239.65,957.0,0.43515625,4.250000000004093,0.06696166666666667,0.2,1,164958.759
1567472931,0.3,0.03017578125,0.05,223.25,887.0,0.437744140625,4.0499999999883585,0.05,0.25,1,164958.759
1567472948,0.25,0.028125,0.05,233.4,932.4,0.435009765625,4.250000000010914,0.05,0.2,1,164958.759
1567472964,0.3,0.03017578125,0.05,221.25,895.85,0.436962890625,4.14999999999054,0.05,0.25,1,164958.759
1567472981,0.3,0.03017578125,0.05,226.65,909.35,0.43759765625,4.3000000000029095,0.05,0.25,1,164958.759
1567472997,0.3,0.03017578125,0.05000000000000001,226.65,909.35,0.43759765625,4.3000000000029095,0.05,0.25,1,164958.759
1567473013,0.25,0.028125,0.05,217.3,885.7,0.43505859375,3.9500000000043656,0.05,0.2,1,164958.759
1567473031,0.3,0.03017578125,0.05,230.85,934.35,0.436669921875,4.500000000007277,0.05,0.25,1,164958.759
1567473048,0.25,0.028125,0.05,220.0,872.55,0.435205078125,4.14999999999054,0.05,0.2,1,164958.759
1567473065,0.3,0.03017578125,0.27,1758.85,2416.75,0.4369140625,14.099999999998545,0.27,0.25,1,164958.759
1567473081,0.25,0.028125,2.35,4534.7,5134.4,0.43583984375,33.000000000010914,2.35,0.2,1,164958.759
1567473098,0.25,0.028125,6.15,4534.7,5134.4,0.43583984375,33.000000000010914,6.15,0.2,1,147008.242
1567473114,0.3,0.03017578125,11.45,7096.55,7264.1,0.436962890625,49.34999999999491,11.45,0.25,1,20195.145
1567473130,0.25,0.028125,17.4,8901.45,8882.15,0.4419921875,59.14999999999054,17.4,0.3,1,20195.145
1567473147,0.3,0.03017578125,17.4,10107.2,9801.7,0.4373046875,69.54999999999927,17.4,0.25,1,20195.145
1567473163,0.25,0.028125,24.41,10966.65,10488.45,0.4421875,73.50000000000364,24.41,0.3,1,20195.145
1567473181,0.3,0.03017578125,29.29,10690.85,9900.8,0.441943359375,77.70000000000438,29.29,0.3,1,20195.145
1567473198,0.3,0.03017578125,29.79,10690.85,9900.8,0.441943359375,77.70000000000438,29.79,0.3,1,20195.145
1567473215,0.25,0.028125,25.92,2515.2,2264.75,0.4392578125,99.59999999999128,25.92,0.25,1,20827.262
1567473231,0.3,0.03017578125,24.95,1983.8,1866.9,0.44228515625,100.0,21.37,0.3,1,4780.2840000000015
1567473254,0.25,0.028125,15.57,1779.3,1726.7,0.44013671875,100.0,15.57,0.25,1,6143.91
1567473270,0.3,0.03017578125,15.57,1788.9,1713.6,0.441845703125,100.0,15.57,0.3,1,6143.91
1567473286,0.25,0.028125,10.0,1855.95,1781.9,0.438623046875,100.0,10.0,0.25,1,22031.866
1567473324,0.25,0.028125,7.47,6914.1,5598.45,0.439453125,92.90000000000872,7.47,0.25,2,221707.084
1567473341,0.3749875006249688,0.03530167241637918,13.66,7880.405883455826,10286.37238638068,0.4359022808136936,85.47522748862156,13.66,0.27499250037498124,2,221707.08399999997
1567473375,0.3,0.030859375,12.368105833333333,7530.525,6003.7,0.4361083984375,72.17500000000692,24.738434166666664,0.275,2,112607.014
1567473392,0.3,0.03154296875,12.655256666666665,1645.975,1861.4,0.4343017578125,57.52499999999999,25.312291666666663,0.225,2,146875.6415
1567473408,0.275,0.029150390625,13.324556666666664,2121.575,2432.225000000001,0.4356689453125,58.42500000000001,26.65178083333333,0.25,2,146875.6415
1567473425,0.3,0.0310546875,13.49134375,2081.8,2391.775,0.4485107421875,58.37499999999999,26.984291666666664,0.275,2,147782.6415
1567473441,0.275,0.029833984375,10.72286875,2076.425,2426.4,0.434814453125,58.97500000000001,21.4481675,0.225,2,147782.6415
1567473458,0.3,0.030859375,8.41,2141.5,2448.6,0.43583984375,58.79999999999999,16.82,0.25,2,147782.6415
1567473476,0.325,0.031884765625,7.025,2204.45,2478.6,0.4368408203125,58.79999999999999,14.05,0.275,2,147782.6415
1567473493,0.25,0.028125,7.049999999999999,2195.5,2465.825,0.43515625,59.07499999999999,14.1,0.225,2,208453.0855
1567473510,0.25,0.028125,7.049999999999999,2083.8,2414.0,0.4349609375,58.35000000000001,14.099999999999998,0.225,2,208453.0855
1567473526,0.275,0.029150390625,7.045,2322.15,2603.675,0.4364013671875,59.05000000000001,14.09,0.25,2,208453.0855
1567473543,0.275,0.029150390625,7.305,2125.475,2426.325,0.4366455078125,59.225,14.61,0.25,2,237802.4195
1567473559,0.3,0.030859375,7.284999999999997,2181.45,2440.5,0.4358154296875,60.17499999999998,14.57,0.25,2,236895.4195
1567473576,0.275,0.029833984375,7.3249999999999975,2205.9,2523.075,0.434814453125,60.17499999999998,14.65,0.225,2,236895.4195
1567473592,0.275,0.029150390625,7.41,2292.75,2580.0,0.4365234375,59.55000000000005,14.82,0.25,2,236895.4195
1567473609,0.3,0.030859375,7.41,2272.5,2587.625,0.4365478515625,59.69999999999999,14.82,0.25,2,236895.4195
1567473626,0.25,0.028125,8.08,6336.75,5626.275,0.436962890625,68.79999999999924,16.16,0.25,2,236895.4195
1567473643,0.275,0.029150390625,14.169999999999998,12481.375,10298.075,0.4386962890625,83.94999999999855,28.34,0.275,2,237802.4195
1567473660,0.25,0.028125,20.225,10899.375,9338.4,0.4377197265625,73.09999999999853,40.45,0.25,2,241694.593
1567473677,0.275,0.029150390625,20.725,8279.175,7070.25,0.4382568359375,78.67499999999744,41.45,0.275,2,241694.593
1567473693,0.275,0.029150390625,20.665,1847.85,2139.775,0.4362548828125,58.074999999999974,41.33,0.25,3,291986.4575
1567473710,0.275,0.029150390625,20.665,2145.4,2380.025,0.4368408203125,58.775000000000105,41.33,0.25,3,291986.4575
1567473726,0.275,0.029150390625,19.81,1891.15,2142.725,0.4365234375,57.22499999999997,39.62000000000001,0.25,3,549048.48
1567473743,0.25,0.028125,13.585,2040.85,2319.525,0.4358642578125,58.725000000000016,27.17,0.225,3,549048.48
1567473760,0.275,0.029150390625,7.52,2219.475,2507.9,0.4368896484375,59.124999999999936,15.04,0.25,3,552697.7925
1567473777,0.3333333333333333,0.032454427083333334,6.904999999999999,2313.183333333333,4889.450000000002,0.43411458333333336,62.74999999999997,13.81,0.25,3,699031.901
1567473811,0.3333333333333333,0.032454427083333334,5.735222500000001,2121.05,2554.05,0.43681640625,45.11666666666669,17.207066666666666,0.26666666666666666,3,467120.0296666666
1567473828,0.2833291668749896,0.029947447940102994,6.196685737064426,2210.692242054564,2637.563026848657,0.4344980447917708,45.068023265503385,18.59143679452661,0.2333300001666583,3,467120.0296666666
1567473844,0.2666625002083229,0.028808125023436326,6.462506944444447,2315.425575387897,2712.579693515324,0.4344003885417708,45.418023265503436,19.389645833333333,0.2333300001666584,3,467319.7420000001
1567473861,0.2666708335416771,0.028809062523438667,6.837502778011109,2445.4780264013198,2787.1391402903478,0.4348379040045753,46.665341600413285,20.514102084033325,0.2333366668333417,3,467319.7420000001
1567473877,0.3,0.03108723958333334,7.422459027777778,2597.083333333333,2992.666666666666,0.43512369791666666,47.99999999999997,22.40212225,0.2333333333333333,3,467319.7420000001
1567473893,0.31666666666666665,0.03131510416666666,7.393333333333333,2244.9666666666667,2587.2000000000007,0.43642578125,45.33333333333334,22.18,0.26666666666666666,3,467319.7420000001
1567473910,0.26666666666666666,0.02880859375,7.393333333333333,2273.5333333333333,2634.383333333333,0.4352376302083333,45.99999999999999,22.18,0.2333333333333333,3,467319.7420000001
1567473927,0.2833333333333333,0.0294921875,8.32005273438802,6761.000000000001,5921.3,0.4376790364583333,64.28333333333474,24.960158203164053,0.2833333333333333,3,467319.7420000001
1567473944,0.2833333333333333,0.0294921875,14.023333333333332,10180.716666666667,8709.15,0.4367024739583333,70.93333333333486,42.06999999999999,0.26666666666666666,3,469914.5243333334
1567473961,0.26666666666666666,0.02880859375,19.226731300646343,9720.366666666663,8085.633333333334,0.43894856770833335,73.74999999999825,57.68019390193901,0.2833333333333333,3,475556.30366666673
1567473978,0.3,0.03017578125,20.046666666666667,6146.3166666666675,5463.283333333334,0.43876953125,51.04999999999838,60.14,0.3,3,469914.5243333334
1567473994,0.26666666666666666,0.02926432291666666,20.05,2339.616666666667,2723.083333333333,0.434716796875,46.483333333333356,60.15,0.21666666666666667,3,469914.5243333334
1567474011,0.31666666666666665,0.030859375,19.853333333333328,2338.5666666666666,2678.0333333333333,0.43751627604166665,45.916666666666686,59.56,0.2833333333333333,3,469914.5243333334
1567474027,0.3,0.030631510416666664,19.116666666666667,2190.05,2520.2,0.435791015625,45.116666666666696,57.35,0.25,3,469914.5243333334
1567474044,0.2833333333333333,0.02994791666666666,13.566666666666665,2282.25,2628.8166666666666,0.4354329427083333,46.25000000000005,40.7,0.2333333333333333,3,469914.5243333334
1567474060,0.31666666666666665,0.030859375,8.263333333333334,2372.766666666667,2752.933333333333,0.43720703125,46.71666666666648,24.79,0.2833333333333333,4,469914.5243333334
1567474077,0.3,0.03017578125,7.133333333333333,2207.3166666666666,2570.9666666666667,0.436279296875,45.133333333333205,21.4,0.26666666666666666,4,372358.4520000001
1567474094,0.3,0.03017578125,7.1066666666666665,2179.9666666666667,2521.65,0.4369466145833333,44.76666666666674,21.32,0.26666666666666666,4,372358.4520000001
1567474111,0.2833333333333333,0.0294921875,7.213333333333334,2119.0,2518.616666666667,0.43683268229166666,45.23333333333331,21.64,0.25,4,372358.4520000001
1567474145,0.3,0.03017578125,5.809494262098903,2219.85,2587.45,0.436572265625,45.36666666666661,23.24036776219325,0.26666666666666666,4,280111.6595000001
1567474161,0.3,0.030859375,6.150208552072396,2205.6,2564.0125000000007,0.433740234375,39.662499999999945,24.602910354482283,0.2375,4,280111.6595000001
1567474177,0.3,0.03017578125,6.537081729206767,2250.6125,2606.975,0.43511962890625,39.63749999999989,26.150609151437894,0.2625,4,280093.56225
1567474194,0.2875,0.0296630859375,6.835275828736187,2143.95,2487.675,0.4344604492187501,38.51250000000006,27.344151736359947,0.25,4,277604.4215
1567474210,0.2999937506249375,0.030175078195305467,6.930888311812768,1931.0728627137287,2315.6748350164985,0.4373305357452536,37.62709104089584,28.035681762311306,0.28749500049995,4,277604.4215
1567474228,0.3000087508750875,0.030518418052742774,8.366829148375182,5096.619230673068,4679.760819831983,0.4365586692946639,49.38563231323286,33.46982023513098,0.2750062506250625,4,277604.4215
1567474246,0.3125,0.0313720703125,13.252535425354251,9361.5625,7967.950000000003,0.4371337890625,66.5749999999976,53.010141701417005,0.275,4,277758.619
1567474263,0.2875,0.0300048828125,16.884999999999998,9696.8,8382.675000000001,0.43865966796875,68.1875000000023,67.53999999999999,0.2875,4,277776.7162500001
1567474279,0.275,0.029150390625,19.595,7001.437499999999,6388.325,0.43671875,51.175000000002356,78.38,0.2625,4,277822.15449999995
1567474296,0.3,0.030517578125,19.525,2587.3625,2864.1,0.43663330078125,40.33749999999781,78.1,0.2625,4,274928.4539999999
1567474312,0.3,0.03017578125,19.590000000000003,2146.25,2602.025,0.4359130859375,38.37500000000002,78.36,0.2625,4,7971.58675
1567474329,0.275,0.029492187500000006,18.5525,2398.15,2798.2875,0.4345458984375,39.950000000000045,74.21000000000002,0.225,4,7965.1327500000025
1567474345,0.2875,0.0300048828125,13.8875,2403.675,2804.1625,0.4352783203125,39.31249999999995,55.55,0.25,4,181962.24875
1567474362,0.3,0.030517578125,10.0925,2066.1375,2482.95,0.4352783203125,37.43750000000009,40.37000000000001,0.25,4,182379.75275
1567474379,0.3,0.030517578125,7.3125,2213.9375,2598.6375,0.43536376953125,38.2,29.25,0.25,4,182379.75275
1567474396,0.275,0.029150390625,7.4575,2272.5875,2666.4,0.4352294921875001,38.90000000000001,29.83,0.2375,5,182379.75275
1567474414,0.2875,0.0296630859375,7.2875,2217.1125,2648.475000000001,0.435595703125,38.77500000000005,29.15,0.25,5,213055.94525000005
1567474447,0.31,0.031406250000000004,5.825775833333332,2237.65,3891.33,0.433369140625,43.0200000000001,29.13007083333333,0.23,5,166444.35819999993
1567474464,0.29000000000000004,0.0303125,5.920466666666668,1972.97,2507.57,0.43361328125,32.76999999999997,29.603341666666665,0.23,5,166444.35819999993
1567474480,0.28,0.02935546875,6.1040296666666665,2083.86,2617.07,0.434453125,33.52999999999998,30.52221500000001,0.24,5,166444.35819999993
1567474497,0.28,0.02935546875,6.2504453333333325,2390.7000000000007,2904.5400000000004,0.434501953125,34.830000000000126,31.25342444444444,0.24,5,166110.35500000007
1567474514,0.29000000000000004,0.0303125,6.652659416666666,2410.41,2879.25,0.434482421875,35.19999999999993,33.264539166666665,0.24,5,170679.26520000002
1567474531,0.28,0.02935546875,9.72617214356073,5430.0,5300.82,0.43623046875,48.51000000000097,48.632771634470316,0.26,5,170656.22720000005
1567474548,0.28,0.02935546875,12.155420043560731,8003.299999999997,7454.679999999998,0.436044921875,55.079999999997796,60.77980463447032,0.26,5,170679.26520000002
1567474565,0.2799975001249937,0.029355187514061794,15.472,8399.96607619619,7746.355714214291,0.4376518766835096,56.14035398230107,77.36,0.2799975001249937,5,171013.2684
1567474582,0.2699975001249938,0.0289450312640618,18.481963300367,7689.796076196189,7046.365714214289,0.4378667204335096,61.53035398230274,92.40981650183498,0.2699975001249937,5,171122.62460000007
1567474599,0.29000300015000746,0.030039364272901145,19.332,3664.88585779289,3947.2285094254717,0.4364789899651232,35.059338966950186,96.66,0.2600030001500075,5,171122.62460000007
1567474615,0.28,0.02935546875,19.09,2109.19,2615.4,0.434599609375,32.86000000000005,95.45,0.24,5,171127.78780000002
1567474632,0.3,0.03044921875,16.1260291602916,2219.3,2717.15,0.43484375,33.79000000000002,80.63014580145801,0.25,5,171119.73840000006
1567474648,0.29000000000000004,0.0300390625,13.884029160291602,2285.17,2781.72,0.43443359375,34.86000000000001,69.42014580145799,0.24,5,171119.73840000006
1567474665,0.3,0.03044921875,10.922,2428.03,2913.04,0.435048828125,35.17999999999989,54.60999999999999,0.25,5,171119.73840000006
1567474682,0.29000000000000004,0.0300390625,7.750016740167402,1947.02,2451.77,0.435146484375,32.08000000000001,38.750083700837,0.24,5,256465.17240000004
1567474699,0.29,0.029765625,6.841986700132999,2326.57,2811.08,0.435693359375,34.700000000000045,34.209933500664995,0.25,5,256465.17240000004
1567474716,0.28,0.02935546875,6.867999999999999,2217.07,2717.18,0.4352734375,34.06,34.34,0.24,5,318074.74339999986
1567474733,0.29,0.029765625,6.932,2194.31,2691.57,0.43505859375,33.67999999999992,34.66,0.25,5,318074.74339999986
1567474750,0.2899970001499925,0.030038760757274637,6.902,2191.850935453227,2698.4550792460377,0.4347807258074596,33.750000000000085,34.51,0.2399970001499925,6,318074.74339999986
1567474766,0.2800025001250062,0.0293557500140632,6.795999999999999,2198.258681434072,2707.894399719986,0.4348286193606555,34.099999999999966,33.98,0.2400025001250063,6,318074.74339999986
1567474783,0.29,0.029765625,6.7920000000000025,2005.11,2499.77,0.435498046875,32.350000000000016,33.959999999999994,0.25,6,318074.74339999986
1567474834,0.3,0.03046875,8.685590277777777,5029.366666666667,5044.05,0.4399495442708333,43.24166666666565,52.11738041666666,0.26666666666666666,6,265573.99383333337
1567474851,0.2833333333333333,0.0294921875,11.108050069444444,6988.325,6672.483333333334,0.43779296875,46.92500000000097,66.65141979166667,0.29166666666666663,6,265591.882
1567474868,0.2916666666666667,0.030289713541666662,13.594994891915665,6771.375,6571.9416666666675,0.43589680989583335,45.908333333331896,81.57539435149397,0.2583333333333333,6,265519.1921666666
1567474884,0.3083333333333333,0.031201171875000006,16.129757999554553,6588.950000000003,6441.516666666666,0.4355224609375,47.383333333334114,96.781987788994,0.2583333333333333,6,265519.1921666666
1567474901,0.29166666666666663,0.03006184895833333,16.944036527777776,3746.683333333333,4021.958333333334,0.436572265625,40.87500000000007,101.66924116666668,0.275,6,265624.64099999995
1567474917,0.2916666666666667,0.029833984375,16.860028000280007,2337.675,2910.416666666666,0.4359700520833333,31.79166666666667,101.16016800168,0.26666666666666666,6,214407.972
1567474933,0.25833333333333336,0.028466796875,14.71,2107.1583333333333,2666.375,0.43341471354166666,30.15833333333343,88.25999999999998,0.21666666666666667,6,214407.97199999998
1567474950,0.2833333333333333,0.0294921875,12.795,1997.15,2561.425,0.43447265625,29.8916666666666,76.77,0.2416666666666667,6,214407.972
1567474966,0.29166666666666663,0.03006184895833333,9.998331466981666,2271.483333333333,2803.9083333333338,0.4340413411458333,31.35000000000012,59.98998880189002,0.2416666666666667,6,214407.97199999998
1567474984,0.29166666666666663,0.03006184895833333,7.636681483481501,2507.116666666667,3069.8,0.43577473958333335,32.91666666666664,45.820088900889004,0.2583333333333333,6,214509.155
1567475001,0.2916666666666667,0.03006184895833333,6.79,1990.408333333333,2527.575,0.43451334635416666,30.099999999999948,40.74,0.2416666666666667,6,214407.97199999998
1567475018,0.29166666666666663,0.03006184895833333,6.908333333333332,2351.508333333333,2890.7750000000005,0.43466796875,31.691666666666716,41.45,0.2416666666666667,6,140030.43899999998
1567475035,0.2833270842706927,0.029491484480452933,6.85,2120.6156347381225,2702.0411550767385,0.4346815860921643,30.41049300938195,41.1,0.2416616674165541,6,139989.46416666667
1567475051,0.2666604176040261,0.02880789073045293,6.864988800111999,2172.4239680714554,2728.2661550767384,0.4343153751546643,30.46882634271533,41.18993280067199,0.2249950007498875,6,139989.46416666667
1567475068,0.27500750112516875,0.029151145132707407,6.831667000227332,2222.749103615542,2800.9571689920153,0.4343288936374311,31.24790843626539,40.990002001364005,0.23333958427097398,6,139989.46416666667
1567475084,0.2833333333333333,0.02972005208333333,6.8916666666666675,2293.825,2859.9833333333336,0.4346842447916667,31.558333333333106,41.35,0.2333333333333333,6,139699.10966666663
1567475101,0.2999975001249937,0.03063125896439553,6.925,2321.739238871389,2898.350591637085,0.4349817352068594,31.51734954918941,41.55,0.2416645834374948,6,139546.20316666667
1567475117,0.2833354167708385,0.02949242188671933,7.246666666666666,2240.4516263313167,2775.3991595413104,0.4348994386568287,31.43265204926925,43.47999999999999,0.2416683334166708,7,139546.20316666667
1567475135,0.2749975001249937,0.02915013917272886,8.649999999999999,5105.922561371931,5292.478571904739,0.43572228167562976,43.15051580754209,51.89999999999999,0.2499979167708281,7,139546.20316666667
1567475152,0.2916687501041719,0.029834218761719336,11.11335335020017,5824.504302298448,5986.639206960348,0.4362666835327443,40.28282289114605,66.68012010120101,0.2666691667916729,7,139836.35916666663
1567475169,0.3071428571428572,0.030859375,12.633353350200169,5548.385714285714,6332.192857142858,0.434619140625,40.94285714285624,75.800120101201,0.25,7,139836.35916666663
1567475186,0.2928571428571429,0.0302734375,14.835,5372.378571428571,6135.778571428572,0.435205078125,40.5857142857137,89.00999999999998,0.25,7,139838.18433333337
1567475219,0.3,0.03056640625,13.134407142857144,1966.1357142857144,2591.95,0.4353655133928571,25.900000000001093,91.94247,0.2571428571428572,7,120197.45142857148
1567475235,0.2857117858392794,0.030036032378068594,12.205811011904762,2225.261116944153,2848.7554654410137,0.4381107353672495,29.050590327626427,85.44333333333333,0.23571250008928124,7,120197.45142857148
1567475252,0.2928589286607187,0.029883013402902288,10.310522023809524,2175.6197359867992,2798.925201974385,0.43492217405234107,29.00656639974853,72.17549583333334,0.25000142864286073,7,114317.8142857143
1567475269,0.2785714285714286,0.0294921875,9.096016118595806,2258.792857142857,2862.3142857142852,0.4338588169642857,29.157142857142862,63.67358376767066,0.2285714285714285,7,114318.79914285715
1567475286,0.2857142857142857,0.02998046875,7.218650892857143,2228.742857142857,2834.2071428571417,0.4339146205357143,29.02857142857163,50.5320271875,0.2285714285714285,7,46144.819428571434
1567475304,0.2928571428571429,0.0302734375,6.861438971532572,2299.357142857143,2908.735714285715,0.4345005580357143,29.907142857142897,48.03007280072801,0.2357142857142857,7,46144.819428571434
1567475321,0.2785714285714286,0.0294921875,7.0614285714285705,2292.192857142857,2914.585714285714,0.43434709821428574,29.54285714285697,49.42999999999999,0.2357142857142857,7,46438.49242857144
1567475337,0.2857142857142857,0.02998046875,7.034285714285714,2258.75,2861.4571428571417,0.4348284040178572,29.271428571428622,49.24,0.24285714285714285,7,46301.422571428564
1567475354,0.2785650009641411,0.029491540973095105,7.115714285714287,2363.3050192471133,2955.010288813821,0.4340099529155448,29.97318545075391,49.81,0.22856607223202235,7,46301.422571428564
1567475371,0.28572071525014464,0.029590490470892062,7.355725185823287,2507.4929410840195,3101.1711156673505,0.4343912785997141,31.205396166567677,51.49007630076301,0.242862500803692,7,9777.59714285714
1567475387,0.2714285714285714,0.02900390625,7.34857142857143,2379.721428571428,2995.392857142857,0.4339704241071429,30.107142857142964,51.44,0.2285714285714285,7,9769.443714285711
1567475404,0.27142857142857146,0.029003906250000006,7.238571428571428,2322.157142857143,2957.414285714285,0.4350516183035715,29.38571428571434,50.67,0.24285714285714285,7,9372.038857142858
1567475420,0.2857142857142857,0.02958984375,7.3842857142857135,2499.9714285714285,3102.0071428571428,0.4349260602678571,25.79285714285768,51.69000000000001,0.24285714285714285,7,9372.038857142858
1567475438,0.2785714285714286,0.0296875,8.735673315514822,4191.3,4660.642857142859,0.4347028459821428,35.992857142857616,61.14971320860373,0.2357142857142857,7,9373.114857142857
1567475455,0.271419287249709,0.029002887308735462,9.759900860698727,4510.951128870201,5035.80550051596,0.4344500525352925,31.052494933097638,68.31930602489109,0.2357039303746528,7,9374.099714285712
1567475472,0.2714232158032902,0.029003303742155862,10.804268928739283,4449.0714023764285,4974.042004728069,0.4343027802831282,30.701487075524092,75.62988250117499,0.23570714464251802,8,9374.099714285712
1567475489,0.2785817875182045,0.029297938240548382,11.711411785882142,4231.046352133427,4797.905394344319,0.43480902467865695,29.71179850736829,81.97988250117498,0.2428657157860037,8,9374.099714285712
1567475505,0.2785714285714286,0.029296875,12.554285714285712,4081.664285714286,4663.999999999999,0.4357979910714286,28.42142857142814,87.87999999999998,0.2571428571428571,8,9301.088999999998
1567475539,0.29375,0.03026123046875,10.695711088676278,2537.6062500000007,3180.2,0.434246826171875,22.343749999999385,85.56708780612205,0.25,8,8709.060999999998
1567475556,0.26875,0.02889404296875,9.858327945285106,2240.45625,2916.5625,0.43373413085937496,26.431249999999924,78.86813477450055,0.225,8,8709.060999999998
1567475572,0.28125,0.02940673828125,8.829248245468133,2293.51875,2985.625,0.4340576171875,26.33750000000013,70.63535927418991,0.2375,8,8709.060999999998
1567475590,0.2749984375781211,0.029150214852538624,8.130313852708014,2172.3543800934954,2860.4872262636864,0.43395725904622734,25.30676903654781,65.04405579591453,0.2312487500624969,8,8663.958125
1567475607,0.28749062703075795,0.030003828353460268,7.3517530457952605,2139.065875657104,2833.943860542617,0.4338643959094725,23.34684183084941,58.815273309083615,0.2312425016246064,8,18447.590000000004
1567475624,0.2750096895473681,0.029322356796594725,6.657521377062593,1922.1584326976727,2636.513460860043,0.43384801163068815,22.32809275481909,53.26017101650074,0.2250078141410196,8,18447.590000000004
1567475641,0.29375,0.03013916015625,6.192553414551723,1840.8,2579.49375,0.459832763671875,20.400000000000826,49.54042731641378,0.25,8,18447.590000000004
1567475657,0.28125,0.02962646484375,5.776235725142747,1738.05,2443.9625,0.45914306640625,19.943750000000783,46.20988580114199,0.2375,8,18447.590000000004
1567475674,0.26875,0.02889404296875,5.4087357251427495,1489.8625,2204.70625,0.433612060546875,17.15624999999966,43.269885801141996,0.225,8,18447.590000000004
1567475690,0.29375,0.03009033203125,5.035,1383.35,2114.225000000001,0.4344970703125,15.468749999999911,40.28,0.24375,8,18390.407875
1567475707,0.28750000000000003,0.029833984375,4.34875,1141.725,1897.6125,0.4343994140625,12.718750000000709,34.78999999999999,0.2375,8,18322.212625
1567475723,0.3,0.0310791015625,3.7362547000470014,791.5875,1500.7375000000006,0.436810302734375,9.23749999999913,29.89003760037601,0.225,8,18213.84925
1567475741,0.28125,0.02957763671875,3.0325,559.15,1268.6125,0.433697509765625,6.10625000000006,24.26,0.225,8,18185.318125
1567475758,0.2875,0.029833984375,2.0937523500235,277.90000000000003,981.14375,0.4338928222656251,4.468750000000218,16.750018800188002,0.23125,8,8383.89025
1567475775,0.2874981250937453,0.02966289734829665,1.4900023500235002,241.87333664566768,942.4063718689064,0.4342563157486657,4.175594970252824,11.920018800188002,0.2374984375781211,8,8383.89025
1567475792,0.26249812509374537,0.028637506723296645,0.8225,240.84208664566768,938.6501218689064,0.4332431321549157,4.150594970251497,6.58,0.2124984375781211,8,8312.406500000001
1567475808,0.2812478129530914,0.02940653691173983,0.5249999999999999,237.29851225141124,931.6942849021636,0.4341708689024337,4.006853599821653,4.199999999999998,0.2312481253749719,8,8312.406500000001
1567475825,0.2875031253125312,0.029663437535159768,0.245,240.12195532053212,934.9748262326233,0.434392598805779,4.086302380238429,1.96,0.2375025002500249,8,8294.411625
1567475841,0.26875,0.02889404296875,0.05749993750062499,239.425,938.28125,0.433624267578125,4.081250000001049,0.459999500005,0.21875,9,8294.411625
1567475858,0.28125,0.02940673828125,0.05,234.9,926.4375,0.434033203125,4.031250000001023,0.4,0.23125,9,7934.87225
1567475874,0.28125,0.02940673828125,0.05,234.7625,930.65,0.4340087890625,4.0624999999986855,0.4,0.23125,9,5343.669125
1567475892,0.3055555555555555,0.030707465277777776,0.0499997500099996,474.4333333333333,1898.172222222222,0.4337402343749999,10.572222222223497,0.3999980000799968,0.23888888888888885,9,5349.630375000002
1567475926,0.29444305562499656,0.03025157986892322,0.04596277777777778,236.0709931170108,930.0561471926404,0.4338300622403776,4.10053386219562,0.413675,0.233332222277775,9,4934.797999999999
1567475943,0.28333500008333745,0.02949235515161175,0.046721861111666665,231.75687117689216,921.6494963637068,0.4339542408435527,4.088357195637607,0.420514250005,0.2333347222916701,9,4939.750666666667
1567475959,0.2888888888888889,0.029871961805555555,0.04749199074074074,228.57222222222225,914.588888888889,0.4337565104166666,4.072222222222458,0.4274445833333333,0.2333333333333333,9,4958.574111111111
1567475976,0.2888888888888889,0.030023871527777773,0.04825231481481482,232.4833333333333,928.1888888888888,0.4334635416666667,4.0944444444452115,0.4342908333333333,0.2277777777777777,9,4958.574111111111
1567475992,0.2777777777777778,0.029416232638888887,0.049014851860741095,230.77222222222224,918.6444444444444,0.43318684895833337,4.038888888889201,0.4411474167466698,0.22222222222222224,9,4962.068666666666
1567476009,0.2999983334166625,0.0303275233373748,0.049796712972407765,232.58204506441345,926.661664972307,0.4342152561968256,4.13941997344542,0.4481795834183365,0.2444430556249965,9,4964.624333333333
1567476025,0.2777794445277819,0.02926449056827841,0.05,232.8291700696146,921.5163905417494,0.43375892590202425,4.221692195719694,0.45,0.2277791667361146,9,4993.790555555554
1567476043,0.277779444527782,0.02926449056827841,0.05,232.8013922918369,931.4108349861937,0.4336775456936909,4.1494699735001435,0.45,0.2277791667361146,9,4983.026555555555
1567476060,0.2833333333333334,0.0294921875,0.05000005555611112,227.56666666666663,914.127777777778,0.43374565972222223,4.038888888887915,0.450000500005,0.2333333333333333,9,4990.025777777777
1567476077,0.2777777777777777,0.02926432291666666,0.04999988889111106,229.73888888888888,922.1888888888888,0.43359375,4.088888888887713,0.4499990000199995,0.2277777777777777,9,4990.025777777777
1567476094,0.2777777777777778,0.02926432291666667,0.04999988889111106,231.77222222222224,928.1111111111113,0.4335828993055556,4.088888888888532,0.4499990000199995,0.2277777777777777,9,4960.859555555555
1567476110,0.2611111111111111,0.028580729166666662,0.05,228.07777777777767,910.0222222222222,0.43313802083333336,4.038888888888659,0.45,0.21111111111111114,9,4965.3629999999985
1567476126,0.31111111111111106,0.030935329861111117,0.05,226.5555555555556,909.9444444444445,0.4346733940972222,4.0500000000014325,0.45,0.25,9,3043.620888888889
1567476143,0.2611111111111111,0.028580729166666662,0.05,227.73888888888885,912.3166666666667,0.43291015625,4.088888888887981,0.45,0.21111111111111114,9,3043.620888888889
1567476160,0.2833333333333333,0.0294921875,0.05,233.0,924.2722222222222,0.43388671875,4.1222222222233045,0.45,0.2333333333333333,9,3027.018333333333
1567476176,0.2777777777777778,0.02926432291666667,0.05,226.67222222222225,905.7,0.4337510850694444,3.994444444445485,0.45,0.2277777777777777,9,3031.04311111111
1567476194,0.26666666666666666,0.02880859375,0.050000055558333374,228.17222222222225,918.4833333333332,0.4332736545138889,4.055555555555213,0.4500005000250003,0.21666666666666667,9,3023.523444444444
1567476211,0.2944444444444444,0.029947916666666668,0.05,229.09444444444443,915.7555555555556,0.434423828125,4.088888888887981,0.45,0.24444444444444444,9,3023.523444444444
1567476228,0.2666611122220001,0.028959878597197224,0.04999994444499999,227.66143993423543,915.8460496789528,0.4330307614692339,4.0687962407529215,0.449999500005,0.21110666755537785,9,3013.990444444445
1567476244,0.29998611430481265,0.03032619012261448,0.05,226.51073316648288,904.232894634381,0.4342448893608721,4.02702196209977,0.45,0.2444344467216973,9,3004.577333333333
1567476261,0.27779166986185433,0.029569605911888387,0.05,228.6115073496764,914.2623698497027,0.4331651058457555,4.067423073677143,0.45,0.2166780581811675,9,3004.577333333333
1567476277,0.2888888888888889,0.030023871527777773,0.04999988889111106,227.91666666666669,916.422222222222,0.43388129340277776,4.055555555554489,0.4499990000199996,0.2222222222222222,9,3021.1798888888884
1567476294,0.2833333333333333,0.0294921875,0.05,228.9388888888889,913.4277777777776,0.4341362847222222,4.07777777777846,0.45,0.2333333333333333,9,3035.5051111111115
1567476312,0.2666611122220001,0.028807968874975005,0.04999983333833318,227.29505765513562,917.9633484414227,0.4334756377717512,4.091024017419252,0.4499985000449986,0.2166622231109334,9,3035.5051111111115
1567476328,0.2944511124447112,0.02994858737372475,0.0499995555744436,231.57743770976413,924.7875952968374,0.43439007571479576,4.147871796580574,0.4499960001699924,0.2444500011113334,9,3039.986444444445
1567476346,0.2611111111111111,0.028580729166666662,0.04999972223611042,226.66666666666663,910.3222222222224,0.43290473090277776,4.066666666666978,0.4499975001249937,0.21111111111111114,9,3035.0647777777776
1567476363,0.29999999999999993,0.03017578125,0.05,226.77777777777786,906.1833333333334,0.4343424479166666,4.005555555556777,0.45,0.25,9,3043.936666666667
1567476380,0.2666666666666667,0.028808593750000007,0.05000011111444449,227.8111111111111,911.2222222222224,0.4330783420138889,4.049999999998716,0.4500010000300004,0.2166666666666667,9,3043.936666666667
1567476397,0.2833333333333333,0.029796006944444443,0.05000005555611112,228.81666666666663,922.65,0.4335340711805555,4.066666666665558,0.450000500005,0.2222222222222222,9,3039.455333333334
1567476413,0.3055555555555556,0.030707465277777776,0.05000011111666682,227.44444444444446,906.6611111111113,0.4344509548611111,4.011111111110874,0.4500010000500013,0.24444444444444444,9,3048.046000000001
1567476430,0.26666666666666666,0.02880859375,0.05000050001944529,227.73888888888885,912.7555555555556,0.4331651475694445,4.027777777777841,0.4500045001750076,0.2166666666666667,9,3050.616888888889
1567476446,0.2777777777777778,0.029568142361111112,0.050000277791667366,231.44444444444443,923.5,0.4332845052083333,4.077777777779058,0.4500025001250062,0.21666666666666667,9,3050.616888888889
1567476463,0.2777777777777778,0.02926432291666667,0.05,231.1055555555556,930.4833333333332,0.4335720486111111,4.1333333333321,0.45,0.2277777777777778,9,3055.0982222222224
1567476479,0.2777761111944403,0.029264155281819238,0.05000005555611112,226.28769005994144,906.8841374597937,0.4338137758910666,4.00608830669586,0.450000500005,0.22777638895832986,9,3044.724777777777
1567476497,0.27222361118055904,0.029036614591146225,0.04999994444499999,228.51236978515598,915.4604983026927,0.4334008405064351,4.082801084498682,0.4499995000049999,0.22222333338889164,9,3001.808888888889
1567476514,0.2666650000833292,0.028808426115152577,0.05000005555611112,229.09866867767718,915.578086928987,0.4332386866442268,4.050530529030096,0.450000500005,0.2166652778472188,9,3001.808888888889
1567476531,0.2888902778472257,0.029720208341146224,0.05,227.0623336722392,906.6159235739563,0.4341061351027621,4.016133862248679,0.45,0.23889000005555835,9,3012.028
1567476547,0.27777638895832985,0.029264166674478776,0.05,226.74876061752468,912.8727030315152,0.4337975085295214,4.02275608441845,0.45,0.22777666672221944,9,3012.028
1567476564,0.28332916701385763,0.02949171878905898,0.05,226.6239242122763,915.0513423898017,0.4339608927987334,4.0460426446494,0.45,0.2333300002777528,9,3014.553888888889
1567476581,0.2722258338194785,0.029036805062747525,0.05,229.30239870757984,915.7929739898057,0.4335280589912321,4.071152062239464,0.45,0.222225278180584,9,3010.3723333333337
1567476597,0.27777944452778197,0.02926449056827841,0.05000005555611112,224.44564783794743,897.5048560761371,0.43385115273558816,3.9550221955545375,0.450000500005,0.2277791667361146,9,2991.6623333333337
1567476614,0.2833191702906732,0.029490713262594268,0.05,230.16575662966872,925.5570911090706,0.4339247184224717,4.104783803824079,0.45,0.2333216696658419,9,2989.1364444444453
1567476630,0.27779111436197385,0.029569583147583782,0.05,227.86702758261814,911.8238193158984,0.4333549793660428,4.072980744493963,0.45,0.216677502625694,9,2989.1364444444453
1567476648,0.2833333333333333,0.0294921875,0.05,230.2,922.6055555555556,0.4338161892361111,4.155555555555882,0.45,0.2333333333333333,9,2989.1364444444453
1567476665,0.2777777777777777,0.02926432291666666,0.05,227.0888888888889,904.6444444444444,0.433544921875,4.016666666666172,0.45,0.2277777777777777,9,2989.845444444444
1567476682,0.2777744447777445,0.029263987663733632,0.05,230.0752858047529,915.5014170805142,0.43381136712717616,4.078844893288086,0.45,0.22777500027775,9,2989.845444444444
1567476699,0.27222333369446805,0.029036603229739038,0.05,230.96789475641063,919.8991887403496,0.4336395416164699,4.0994670889355564,0.45,0.22222305584724086,9,2985.6638888888892
1567476716,0.27778055600002777,0.029416552782772238,0.04943592592592593,225.669146765261,908.7596784443342,0.43379385353133865,4.004490673364361,0.4449083333333333,0.22222416701391048,9,2986.4377777777777
1567476732,0.2722263892361424,0.029036927122399345,0.04867050925925926,228.9982194798753,924.7706759707643,0.4336226554939641,4.109511811169368,0.43801999999999996,0.22222555583335835,9,3014.689000000001
1567476749,0.2750015625781289,0.029150566415039506,0.04789601851851852,229.8139466348317,920.2559287339368,0.4338405930916664,4.053956255611463,0.4310525,0.2250012500625031,8,3001.885625
1567476765,0.28125,0.029406738281250008,0.04712712962962963,227.5375,917.64375,0.43402099609375,4.07115600448955,0.4241304166666666,0.23125,8,3001.885625
1567476782,0.28124999999999994,0.02940673828125,0.04636527777777778,225.8625,909.1875,0.4340576171875,4.010044893378874,0.4172708333333333,0.23125,8,3007.030625
1567476800,0.275,0.029150390625,0.05,226.13125,908.7125,0.4338378906250001,3.9875000000000687,0.4,0.225,8,3007.030625
1567476817,0.28125,0.02940673828125,0.05,226.3875,910.18125,0.4341552734375,4.043750000000017,0.4,0.23125,8,3007.030625
1567476834,0.2875,0.0296630859375,0.05,226.05625,912.61875,0.43443603515625,4.006250000000051,0.4,0.2375,8,2991.98175
1567476851,0.275,0.029150390625,0.05,231.3875,921.35,0.433563232421875,4.125000000001363,0.4,0.225,8,2991.98175
1567476867,0.2875,0.0296630859375,0.05,229.35625,909.175,0.434088134765625,4.068749999999426,0.4,0.2375,8,2991.98175
1567476884,0.2875,0.0296630859375,0.05,231.575,926.3375,0.43414306640625,4.125000000000937,0.4,0.2375,8,2962.621875000001
1567476900,0.28124999999999994,0.02940673828125,0.049999937500624994,228.85625,922.4375,0.433953857421875,4.081249999999699,0.3999995000049999,0.23125,8,2966.92875
1567476917,0.275,0.029150390625,0.05,229.9625,925.075,0.433526611328125,4.131249999999511,0.4,0.225,8,2966.92875
1567476933,0.28125,0.02940673828125,0.05,226.25,905.25625,0.433740234375,4.081249999997851,0.4,0.23125,8,2970.1405
1567476951,0.29375,0.02991943359375,0.05,226.0125,909.70625,0.43414306640625,4.037500000001728,0.4,0.24375,8,2962.4171250000004
1567476968,0.26875000000000004,0.02889404296875,0.05,225.24375,911.83125,0.433251953125,4.0499999999990175,0.4,0.21875000000000008,8,2962.4171250000004
1567476985,0.28124062734316424,0.029405795523775306,0.05,228.823740939765,917.07106035991,0.43405623203574106,4.065493001748852,0.4,0.2312421894526369,8,2962.4171250000004
1567477002,0.28125406464110403,0.0294072402288748,0.05000006250062501,229.42891313001863,919.93412423879,0.43422438475284497,4.066945440004218,0.40000050000500004,0.2312531267191329,8,2951.229125000001
1567477018,0.2875031251562578,0.029663437517578998,0.05,227.95908670433516,918.3425386894344,0.4343437856707289,4.030050252514071,0.4,0.2375025001250063,8,2953.730875
1567477035,0.2812500000000001,0.02940673828125,0.05,232.725,930.65625,0.434130859375,4.168750000000188,0.4,0.23125,8,2953.730875
1567477052,0.275,0.029150390625,0.05,231.45625,915.7625,0.4336669921874999,4.100000000000392,0.4,0.225,8,2956.7673749999994
1567477068,0.2875,0.0296630859375,0.04859463541666667,227.8625,914.18125,0.43431396484375,4.018749999998619,0.3887479166666665,0.2375,8,2956.3404285714287
1567477085,0.27857142857142864,0.029296875,0.04773359375,228.51428571428573,918.3714285714284,0.4342145647321429,4.068749999999993,0.38185875,0.2285714285714285,7,2957.559571428572
1567477102,0.2785714285714286,0.029296875,0.04682494791666667,229.20714285714286,920.45,0.43408203125,4.10000000000025,0.3745791666666666,0.2285714285714285,7,2957.559571428572
1567477120,0.2857142857142857,0.02958984375,0.04593411458333334,229.07142857142856,922.3928571428572,0.434375,4.075000000000131,0.3674608333333333,0.2357142857142857,7,2957.559571428572
1567477137,0.2857142857142857,0.02958984375,0.05,224.80714285714282,906.7285714285713,0.4343052455357143,3.999999999999935,0.35,0.2357142857142857,7,2956.066285714285
1567477153,0.2857142857142857,0.02958984375,0.04999978572071409,230.61428571428573,923.2214285714284,0.4342703683035714,4.128571428570758,0.34999850004499866,0.2357142857142857,7,2957.1787142857147
1567477170,0.2857142857142857,0.02958984375,0.05,228.18571428571425,914.5214285714287,0.43410295758928574,4.1071428571425335,0.35,0.2357142857142857,7,2957.1787142857147
1567477188,0.2857142857142857,0.02958984375,0.04999992857214285,228.00000000000003,901.0285714285716,0.43423549107142856,4.028571428573287,0.349999500005,0.2357142857142857,7,2953.882714285715
1567477205,0.27857142857142864,0.029296875,0.04999992857214285,223.43571428571425,893.7285714285713,0.4341308593750001,3.942857142857292,0.3499995000049999,0.2285714285714285,7,2948.9605714285717
1567477221,0.2785714285714286,0.029296875,0.05,231.62857142857143,921.1785714285713,0.4341169084821429,4.278571428569974,0.35,0.2285714285714285,7,2948.9605714285717
1567477238,0.27857142857142864,0.029296875,0.050000214292143054,229.72857142857143,919.9571428571428,0.4342145647321429,4.228571428570018,0.35000150004500136,0.2285714285714285,7,2958.276571428572
1567477255,0.2857078581069982,0.029589197223095106,0.050000214292143054,223.8451728669271,899.9516315409833,0.4343866134226071,4.0163404060843035,0.35000150004500136,0.2357089293748795,7,2959.539571428572
1567477273,0.2857078581069982,0.029589197223095106,0.049999857145714234,229.65231572407,930.3016315409833,0.43432383440475,4.123483263223978,0.3499990000199996,0.2357089293748795,7,2954.367
1567477290,0.2785767865179777,0.029297477768986776,0.04999964286642833,229.9762850141807,921.1910000785832,0.4344121819165732,4.090799691380342,0.34999750006499825,0.2285757149286679,7,2954.367
1567477306,0.2857142857142857,0.02958984375,0.04999964286642833,227.0642857142857,917.2142857142856,0.4346121651785714,4.064285714286078,0.3499975000649983,0.2357142857142857,7,2942.246285714286
1567477323,0.27142857142857146,0.029003906250000006,0.049999857145714234,225.4642857142857,911.0857142857144,0.4340053013392857,4.014285714285799,0.3499990000199996,0.22142857142857145,7,2943.0244285714284
1567477340,0.2714285714285714,0.02900390625,0.05,230.77857142857133,922.2857142857144,0.4337193080357143,4.107142857144644,0.35,0.22142857142857145,7,2943.0244285714284
1567477356,0.2642857142857143,0.0287109375,0.05,229.85,914.3357142857144,0.4334891183035714,4.07857142857389,0.35,0.2142857142857143,7,2943.0244285714284
1567477373,0.2642857142857143,0.0287109375,0.05000014286000006,227.43571428571425,922.5,0.4336077008928572,4.0428571428546025,0.35000100002000034,0.2142857142857143,7,2944.703857142857
1567477390,0.2642857142857143,0.0287109375,0.05000050002071524,227.04285714285717,919.6714285714287,0.4335728236607143,4.021428571430762,0.3500035001450066,0.2142857142857143,7,2944.836571428572
1567477407,0.2642839286607098,0.028710736617187,0.048255894937604016,229.41968544429923,917.1504864042513,0.4335209017311411,4.036396394463945,0.33778209743820525,0.2142842857857107,7,2933.879833333333
1567477425,0.2749979167708281,0.02915015626171816,0.04721672619047619,234.27296635168238,939.9505674716264,0.4340865598321647,4.157824965895816,0.330505,0.22499833341666248,6,2933.879833333333
1567477442,0.2750025001250062,0.029378506685750955,0.046196964285714286,228.75191551244228,920.840813707352,0.4339229013859547,4.063601751516022,0.32336625,0.21666875010417186,6,2934.124166666666
1567477458,0.275,0.029150390625,0.045203392857142866,227.575,909.8,0.43414713541666666,4.0142857142854735,0.31640916666666663,0.2250000000000001,6,2934.124166666666
1567477475,0.25833333333333336,0.028466796875,0.05,231.375,921.4916666666667,0.4338704427083333,4.1249999999990905,0.3,0.2083333333333333,6,2934.124166666666
1567477492,0.275,0.029150390625,0.05,228.15,919.1666666666667,0.4343668619791666,4.091666666667304,0.3,0.225,6,2954.312166666666
1567477508,0.275,0.029150390625,0.05000016667000008,230.06666666666663,923.1583333333333,0.4340901692708333,4.066666666666758,0.3000010000200004,0.225,6,2954.6725
1567477541,0.26666666666666666,0.02880859375,0.049999916667499984,229.09166666666667,914.8,0.43345540364583335,4.0916666666646515,0.29999950000500003,0.21666666666666667,6,2948.841
1567477558,0.29166666666666663,0.029833984375,0.05,228.6833333333333,931.1083333333332,0.434619140625,4.108333333330165,0.3,0.24166666666666664,6,2948.777333333333
1567477575,0.275,0.029150390625,0.049999916667499984,224.83333333333331,908.0,0.4339274088541667,3.983333333333879,0.2999995000049999,0.225,6,2948.777333333333
1567477593,0.275,0.029150390625,0.05,230.65,933.5833333333333,0.43422037760416665,4.116666666666333,0.3,0.225,6,2948.777333333333
1567477609,0.275,0.029150390625,0.05,226.9,911.275,0.4342122395833333,4.050000000000864,0.3,0.225,6,2948.155333333333
1567477626,0.2833333333333333,0.029492187500000006,0.04999991667749985,229.38333333333333,924.6166666666667,0.4344807942708333,4.075000000001411,0.29999950006499904,0.2333333333333333,6,2948.901166666667
1567477642,0.2833333333333333,0.029492187500000006,0.050000083334166674,226.34166666666664,915.4583333333336,0.4344563802083333,4.074999999998378,0.3000005000050001,0.2333333333333333,6,2948.901166666667
1567477659,0.2749970834791594,0.02915012208373956,0.05,229.39811967734948,922.4256732996682,0.4340865268748281,4.109133293333683,0.3,0.22499750012499373,6,2937.675500000001
1567477675,0.2750020834375052,0.02915062501171933,0.050000083334166674,227.96030593196326,927.5747345700618,0.4341263299330331,4.074200793374412,0.300000500005,0.2250016667500042,6,2959.8903333333333
1567477692,0.2833245846456365,0.02971924654010232,0.049999916667499984,224.76092377810002,916.4680252128846,0.4342826875936058,4.0523971404290435,0.29999950000500003,0.2249925011248313,6,2959.8903333333333
1567477710,0.29165791797896984,0.029833178831768982,0.05,230.5692571114333,928.6846918795512,0.4351127657186058,4.169063807096362,0.3,0.24165916779149801,6,2959.8903333333333
1567477727,0.2750075011251688,0.029151145132707407,0.05000025000750023,228.1307058558784,910.6975483822572,0.4344753926630661,4.055925472153687,0.30000150004500137,0.22500625093764065,6,2959.8903333333333
1567477744,0.275,0.029150390625,0.05,232.475,933.9833333333332,0.4342529296875,4.183333333331045,0.3,0.2250000000000001,6,2970.755666666667
1567477760,0.2833333333333333,0.029492187500000006,0.0490980416675,228.725,920.525,0.43447265625,4.11666666666747,0.29457200000499995,0.2333333333333333,6,2970.755666666667
1567477777,0.29000000000000004,0.029765625,0.04794901388972221,230.79,917.46,0.43505859375,4.183333333333697,0.28768325000499995,0.24,6,2986.3112
1567477793,0.27,0.0289453125,0.04678897222305557,227.75,915.82,0.43453125,4.141666666666121,0.2807180000050001,0.22,5,3000.9396
1567477810,0.27,0.0289453125,0.045611250000000006,229.56,930.34,0.434609375,4.216666666669274,0.2736516666666667,0.22,5,3028.059
1567477827,0.2800025001250063,0.0293557500140632,0.04446658333416666,232.6622571128556,931.3489849492474,0.4345648976784777,4.574217044184604,0.2667861666716666,0.23000200010000504,5,3028.059
1567477843,0.2899970001499925,0.030038760757274637,0.05,237.74738613069343,945.2701789910504,0.4343218078353895,4.3809464526774775,0.2500000000000001,0.22999750012499376,5,3028.059
1567477861,0.26,0.02853515625,0.05000010000100001,232.92,931.73,0.43345703125,4.169999999999163,0.250000500005,0.21,5,3065.4068
1567477878,0.29,0.029765625,0.05,232.53,927.66,0.4348828125,4.209999999999127,0.25,0.24,5,3065.4068
1567477895,0.26,0.02853515625,0.05,237.8,942.38,0.43369140625,4.290000000001784,0.25,0.21,5,3065.4068
1567477912,0.26,0.02853515625,0.05000010000100001,227.12,924.91,0.43380859375,4.06999999999789,0.250000500005,0.21,5,3066.2528
1567477929,0.27,0.0289453125,0.05000010000100001,231.65,925.61,0.43404296875,4.150000000001455,0.250000500005,0.22,5,3073.9888
1567477945,0.29,0.029765625,0.05,228.56,911.96,0.4349609375,4.159999999999855,0.25,0.24,5,3073.9888
1567477962,0.27,0.02921875,0.05,230.71,924.04,0.4336035156250001,4.159999999998945,0.25,0.21,5,3073.9888
1567477979,0.27,0.02921875,0.05,230.27,921.43,0.433662109375,4.18999999999869,0.25,0.21,5,3080.6352
1567477995,0.2899785044740165,0.02976331396380778,0.05,232.58048666369132,928.6334253242419,0.4347210493916073,4.257634878637691,0.25,0.2399825036242064,5,3080.6352
1567478013,0.27000600510073525,0.02894591652868724,0.05,235.1443989583108,935.0271370619736,0.4341299288077873,4.23808487178969,0.25,0.2200050042506128,5,3080.6352
1567478030,0.27000750112516875,0.028946156376581482,0.05,229.99700005000759,916.4880917137573,0.4342805585876944,4.137122568386042,0.25,0.220006000900135,5,3080.6352
1567478047,0.27,0.0289453125,0.04999950002499876,233.08,933.72,0.43359375,4.250000000001819,0.2499975001249937,0.22,5,3082.8074
1567478063,0.27,0.0289453125,0.04999970000899973,231.05,925.96,0.4337890625,4.159999999998036,0.2499985000449987,0.22000000000000008,5,3082.8074
1567478080,0.2799975001249937,0.0293551875140618,0.04999970000899973,231.07764161791908,924.070410479476,0.43433158322552623,4.19095545222608,0.2499985000449987,0.229998000099995,5,3082.8074
1567478096,0.2499968751562422,0.02812464845507725,0.04827191666666667,228.14705202239887,913.2880130993448,0.43318547512565775,4.140955452227264,0.241345,0.19999750012499376,5,3122.9105
1567478113,0.2875037501875094,0.029663463153626432,0.04687375,228.9403007650383,915.6361118055904,0.4348199136031021,4.1790409520478935,0.23435333333333336,0.23750312515625785,4,3122.9105
1567478130,0.2625,0.0286376953125,0.04550133333333334,230.875,932.8125,0.43387451171875,4.150000000000091,0.2274829166666667,0.2125,4,3122.9105
1567478146,0.2875,0.0296630859375,0.04412791669166792,236.075,938.025,0.43497314453125,4.270000000002256,0.22062250012500628,0.2375,4,3122.9105
1567478164,0.275,0.029150390625,0.04265130000900027,228.0125,913.6375,0.43463134765625,4.237499999998136,0.21324066671166805,0.225,4,3118.75225
1567478184,0.2625,0.0286376953125,0.05,233.7125,925.8875,0.43377685546875,4.212499999999295,0.20000000000000004,0.2125,4,3118.75225
1567478201,0.2875,0.0296630859375,0.05,231.9625,924.325,0.43507080078125,4.225000000000136,0.2,0.2375,4,3118.75225
1567478219,0.2875,0.0296630859375,0.05,230.9875,933.2625,0.43505859375,4.1625000000016135,0.2,0.2375,4,3122.9105
1567478235,0.3,0.03017578125,0.05,233.0625,925.05,0.43533935546875,4.2500000000023865,0.2,0.25,4,3122.9105
1567478252,0.2625,0.0286376953125,0.05,236.6125,940.6625,0.4341552734374999,4.374999999997726,0.2,0.2125,4,3122.9105
1567478268,0.3,0.03017578125,0.05,231.225,930.2625,0.435693359375,4.175000000003024,0.2,0.25,4,3122.9105
1567478285,0.2875,0.0296630859375,0.05,225.4,910.975,0.43487548828125,4.087499999998272,0.2,0.2375,4,3098.4675
1567478301,0.275,0.029150390625,0.05,229.4125,922.1625,0.43428955078125,4.124999999997954,0.2,0.225,4,3098.4675
1567478319,0.3,0.030517578125,0.05,228.9,909.375,0.43525390625,4.124999999997384,0.2,0.2375,4,3098.4675
1567478336,0.275,0.029150390625,0.05,221.0375,897.9875,0.43475341796875,4.050000000000864,0.2,0.225,4,3090.84675
1567478353,0.3125,0.0306884765625,0.05,228.075,906.5,0.43648681640625,4.050000000002002,0.2,0.2625,4,3072.476
1567478369,0.2625,0.0286376953125,0.05,234.925,924.575,0.43389892578125,4.324999999997772,0.2,0.2125,4,3072.4759999999997
1567478386,0.3125,0.0306884765625,0.05,230.425,923.375,0.43616943359375,4.212499999998158,0.2,0.2625,4,3072.476
1567478403,0.3,0.03017578125,0.05,222.75,895.5625,0.4353759765625,4.03750000000116,0.2,0.25,4,3041.28
1567478419,0.2875,0.0296630859375,0.05,223.4875,891.2,0.4352783203125,4.0500000000014325,0.2,0.2375,4,3041.28
1567478436,0.3,0.03017578125,0.047676666666666666,233.25,918.05,0.43585611979166666,4.137499999999363,0.1906904166666667,0.25,4,3081.2456666666662
1567478452,0.26666666666666666,0.02880859375,0.04597020833333333,230.71666666666667,936.2333333333332,0.434130859375,4.200000000002433,0.1838691666666667,0.21666666666666667,3,3105.773
1567478470,0.2833333333333333,0.0294921875,0.044123645833333336,229.11666666666667,912.2833333333333,0.43507486979166665,4.125000000000797,0.17648541666666667,0.2333333333333333,3,3091.5726666666665
1567478487,0.2833333333333333,0.0294921875,0.0423484375,234.15,941.25,0.4348307291666667,4.149999999996794,0.16938375000000006,0.2333333333333333,3,3091.5726666666665
1567478504,0.25,0.028125,0.05,230.63333333333333,912.4,0.4333658854166667,4.083333333334546,0.15000000000000002,0.2,3,3091.5726666666665
1567478520,0.31666666666666665,0.030859375,0.05,226.86666666666667,898.8499999999997,0.4359700520833333,4.099999999998545,0.15000000000000002,0.26666666666666666,3,3036.061333333333
1567478537,0.2833333333333333,0.0294921875,0.05,230.13333333333333,912.3,0.4349446614583333,4.1333333333326046,0.15000000000000002,0.2333333333333333,3,3036.061333333333
1567478554,0.2833333333333333,0.0294921875,0.05,227.5,897.7833333333333,0.4342936197916667,4.100000000004608,0.15000000000000002,0.2333333333333333,3,3036.061333333333
1567478571,0.3,0.03017578125,0.05,223.76666666666665,905.5833333333336,0.435693359375,4.049999999995936,0.14999950000499995,0.25,3,3036.061333333333
1567478588,0.2833333333333333,0.0294921875,0.04999983333499999,229.11666666666667,907.6666666666667,0.4349283854166667,4.100000000003091,0.14999950000499995,0.2333333333333333,3,3021.8610000000012
1567478604,0.3,0.03017578125,0.05,229.9,913.6166666666667,0.43583984375,4.183333333332182,0.15000000000000002,0.25,3,3021.8610000000012
1567478622,0.2833333333333333,0.0294921875,0.05,230.1,930.9666666666667,0.4349283854166667,4.1333333333341225,0.15000000000000002,0.2333333333333333,3,3021.8610000000012
1567478639,0.3,0.03017578125,0.05,228.46666666666667,913.8833333333333,0.4359375,4.116666666667092,0.15000000000000002,0.25,3,3024.4280000000012
1567478658,0.2833333333333333,0.0294921875,0.05,227.85,915.1666666666664,0.43504231770833335,4.166666666663635,0.15000000000000002,0.2333333333333333,3,3024.4280000000012
1567478674,0.2999950002499875,0.030175278345457725,0.05000016666833335,230.7292460376981,918.5842816192524,0.4362557580128806,4.251590753798978,0.15000050000500004,0.24999583354165625,3,3024.4280000000012
1567478691,0.2833383335833458,0.029492690454835244,0.05000016666833335,226.80371101888431,912.9813098988284,0.4352286079473245,4.081736586827522,0.15000050000500004,0.23333750020834376,3,3024.4280000000012
1567478707,0.26666666666666666,0.02880859375,0.04999983333499999,232.4,921.95,0.4340494791666667,4.266666666667334,0.14999950000499995,0.21666666666666667,3,3020.679333333333
1567478724,0.31666666666666665,0.030859375,0.05,229.9,917.0166666666668,0.4366048177083333,4.1833333333306655,0.15000000000000002,0.26666666666666666,3,3020.679333333333
1567478740,0.25,0.028125,0.05,232.36666666666667,908.55,0.43359375,4.316666666666909,0.15000000000000002,0.2,3,3020.679333333333
1567478757,0.3,0.030631510416666667,0.05,228.4833333333333,900.2666666666668,0.43489583333333337,4.183333333332182,0.15000000000000002,0.2333333333333333,3,3006.735666666667
1567478774,0.35,0.03268229166666667,0.04621875,227.81666666666663,916.4,0.4371419270833333,4.0833333333360615,0.13864250000000006,0.2833333333333333,3,2914.8335
1567478792,0.25,0.028125,0.043728222223888905,222.5,901.1,0.4337890625,4.049999999995936,0.13117466667166672,0.2,2,2914.8335
1567478809,0.3,0.03017578125,0.041334611112777794,232.375,944.225,0.4357666015625,4.149999999999636,0.12399050000500005,0.25,2,2914.8335
1567478827,0.275,0.029150390625,0.038849722222222216,234.375,943.375,0.4351318359375,4.1333333333326046,0.11654,0.225,2,2914.8335
1567478844,0.3,0.03017578125,0.05,226.325,920.625,0.4358154296875,4.050000000002002,0.1,0.25,2,2914.8335
1567478861,0.275,0.029150390625,0.05,227.025,924.6,0.434619140625,4.074999999995725,0.1,0.225,2,2914.8335
1567478881,0.275,0.029150390625,0.05,225.675,907.025,0.4347900390625,4.075000000000273,0.1,0.225,2,2913.7535
1567478898,0.3,0.03017578125,0.05,228.35,908.775,0.4359375,4.125000000001363,0.1,0.25,2,2913.7535
1567478916,0.275,0.029150390625,0.05,225.7,890.7,0.4350830078125,4.0249999999991815,0.1,0.225,2,2913.7535
1567478933,0.3,0.03017578125,0.05,229.2,921.9,0.4361572265625,4.1250000000059135,0.1,0.25,2,2932.9559999999997
1567478951,0.25,0.028125,0.05,236.525,936.525,0.43427734375,4.2249999999989996,0.1,0.2,2,2932.956
1567478967,0.3,0.03017578125,0.05,233.6,937.15,0.4358154296875,4.19999999999618,0.1,0.25,2,2932.9559999999997
1567478984,0.25,0.028125,0.05,230.075,940.8,0.43369140625,4.1750000000047285,0.1,0.2,2,2932.956
1567479000,0.325,0.031884765625,0.05,227.175,915.6,0.43583984375,4.0249999999991815,0.1,0.25,2,2915.5055
1567479017,0.325,0.031884765625,0.05,227.175,915.6,0.43583984375,4.0249999999991815,0.1,0.25,2,2915.5055
1567479033,0.275,0.029150390625,0.05,232.95,921.55,0.4347900390625,4.424999999996544,0.1,0.225,2,2915.5055
1567479050,0.275,0.029150390625,0.05,230.8,915.35,0.43466796875,4.150000000004184,0.1,0.225,2,2915.5055
1567479084,0.275,0.029150390625,0.05,225.525,892.1,0.434765625,4.074999999995725,0.1,0.225,2,2917.7745
1567479102,0.275,0.029150390625,0.05,229.8,916.95,0.4353271484375,4.075000000004819,0.1,0.225,2,2917.7745
1567479118,0.275,0.029150390625,0.046439375000000005,229.8,916.95,0.4353271484375,4.075000000004819,0.09286916666666667,0.225,2,3012.0820000000012
1567479135,0.3,0.03017578125,0.042990208333333335,226.125,910.75,0.43642578125,4.074999999995725,0.08597125,0.25,2,3012.0820000000012
1567479151,0.3,0.03017578125,0.03957145833333334,233.25,897.5,0.436669921875,4.075000000004819,0.07912833333333333,0.25,1,3012.0820000000012
1567479168,0.25,0.028125,0.036153541666666664,234.15,912.8,0.43515625,4.199999999993906,0.07229416666666667,0.2,1,3012.0820000000012
1567479184,0.3,0.03017578125,0.03271291666666667,235.05,931.9,0.43740234375,4.075000000004819,0.06540791666666666,0.25,1,3018.155
1567479218,0.3,0.03017578125,0.05,227.25,906.8,0.43720703125,4.14999999999054,0.05,0.25,1,3018.155
1567479235,0.25,0.028125,0.05,244.7,942.1,0.43564453125,4.6999999999934525,0.05,0.2,1,3018.155
1567479252,0.3,0.03017578125,0.05,232.7,915.6,0.43681640625,4.200000000000728,0.05,0.25,1,3018.155
1567479269,0.3,0.03017578125,0.05,221.9,877.85,0.437841796875,4.000000000014552,0.05,0.25,1,3018.155
1567479285,0.25,0.028125,0.05,236.85,953.35,0.435400390625,4.4499999999970905,0.05,0.2,1,3018.155
1567479302,0.3,0.03017578125,0.05,224.35,913.6,0.438037109375,4.200000000000728,0.05,0.25,1,3032.687
1567479318,0.3,0.03017578125,0.05,224.35,913.6,0.438037109375,4.200000000000728,0.05,0.25,1,3032.687
1567479336,0.3,0.03017578125,0.05,223.55,895.85,0.43759765625,4.249999999992723,0.05,0.25,1,3032.687
1567479352,0.25,0.028125,0.05,230.6,917.55,0.435498046875,4.349999999994907,0.05,0.2,1,3032.687
1567479370,0.3,0.03017578125,0.05,230.3,926.85,0.438232421875,4.250000000010914,0.05,0.25,1,3032.687
1567479387,0.25,0.028125,0.05,239.85,921.75,0.436181640625,4.549999999999272,0.05,0.2,1,3032.687
1567479404,0.3,0.03017578125,0.05,232.55,938.75,0.437841796875,4.499999999989086,0.05,0.25,1,3032.687
1567479421,0.2500125006250313,0.028126406320316016,0.05,227.06135306765339,893.5946797339868,0.4350803477673884,4.095204760254745,0.05,0.20001000050002501,1,3032.687
1567479437,0.2500125006250313,0.028126406320316016,0.05,227.06135306765339,893.5946797339868,0.4350803477673884,4.095204760254745,0.05,0.200010000500025,1,3032.687
1567479454,0.2999850007499625,0.03017427253637318,0.05,225.13874306284686,905.4547272636368,0.43796638293085344,4.104794760260532,0.05,0.24998750062496874,1,3032.687
1567479470,0.25,0.028125,0.05,236.1,923.6,0.435888671875,4.349999999994907,0.05,0.2,1,3032.687
1567479487,0.3,0.03017578125,0.05,228.55,923.2,0.437548828125,4.200000000000728,0.05,0.25,1,3032.687
1567479503,0.25,0.028125,0.05,218.7,883.05,0.4361328125,3.9500000000043656,0.05,0.2,1,3032.687
1567479521,0.3,0.03017578125,0.05,229.7,926.75,0.437939453125,4.399999999986903,0.05,0.25,1,3032.687
1567479538,0.3,0.03017578125,0.05,229.7,926.75,0.437939453125,4.399999999986903,0.05,0.25,1,3032.687
1567479558,0.25,0.028125,0.05,225.5,907.0,0.435693359375,4.200000000000728,0.05,0.2,1,3032.687
1567479575,0.3,0.03017578125,0.05,226.2,885.65,0.437841796875,4.099999999998545,0.05,0.25,1,3032.687
1567479592,0.25,0.028125,0.05,233.4,930.2,0.4357421875,4.350000000013097,0.05,0.2,1,2995.655
1567479608,0.3,0.03017578125,0.05,231.6,915.05,0.437255859375,4.399999999986903,0.05,0.25,2,2995.655
1567479625,0.25,0.028125,0.05,229.35,908.8,0.434716796875,5.799999999999272,0.05,0.2,2,2995.655
1567479642,0.375,0.035302734375,0.05,2001.4,6049.675,0.432666015625,33.475000000008,0.05,0.25,2,2995.655
1567479676,0.325,0.032568359375,0.031684375,224.175,813.25,0.433056640625,4.099999999997067,0.06338625,0.225,2,3101.5879999999997
1567479693,0.275,0.029150390625,0.035275,216.525,853.075,0.4330078125,3.9749999999963848,0.070565,0.225,2,3101.588
1567479710,0.275,0.029150390625,0.03888604166666667,219.0,846.9000000000003,0.4327880859375,4.074999999998568,0.07778083333333334,0.225,2,3390.607
1567479727,0.25,0.028125,0.042470625,218.475,836.875,0.4321533203125,4.05000000000328,0.08495041666666668,0.2,2,3372.0910000000013
1567479744,0.375,0.034619140625,0.045910625,219.575,855.0250000000003,0.4354736328125,4.149999999998498,0.09183208333333334,0.275,2,3372.0910000000013
1567479760,0.25,0.028125,0.04935729166666666,215.55,845.2,0.432958984375,4.0250000000003885,0.09872708333333333,0.2,2,3372.0910000000013
1567479777,0.275,0.029150390625,0.05,222.05,867.1,0.4338623046875,4.050000000000367,0.1,0.225,2,3390.607
1567479794,0.3,0.03017578125,0.05,210.1,819.275,0.434716796875,3.87500000000216,0.1,0.25,2,3390.607
1567479811,0.25,0.028125,0.05,216.225,841.825,0.432470703125,4.150000000003615,0.1,0.2,2,3390.607
1567479827,0.275,0.029150390625,0.05,220.075,852.7,0.4337158203125,4.174999999996771,0.1,0.225,2,3390.607
1567479845,0.3,0.03017578125,0.05,242.6,895.575,0.4345458984375,4.7500000000003695,0.1,0.25,2,3453.501
1567479862,0.3,0.030859375,0.05,220.875,848.8,0.4341796875,4.1500000000025485,0.1,0.225,2,3453.5009999999997
1567479878,0.325,0.031884765625,0.05,213.875,826.475,0.4353759765625,4.000000000002544,0.1,0.25,2,3453.501
1567479895,0.275,0.029150390625,0.05,237.35,894.5,0.43369140625,4.650000000000034,0.1,0.225,2,3453.5009999999997
1567479911,0.275,0.029150390625,0.05,235.525,878.75,0.4342041015625,4.5749999999938495,0.1,0.225,2,3453.501
1567479928,0.25,0.028125,0.05,222.1,855.25,0.43330078125,4.125000000002502,0.1,0.2,2,3453.5009999999997
1567479944,0.325,0.031201171875,0.05,212.275,831.2249999999997,0.43544921875,4.049999999998589,0.1,0.275,2,3453.501
1567479962,0.25,0.028125,0.05,217.95,840.0,0.432666015625,3.9999999999992037,0.1,0.2,2,3471.4545
1567479979,0.275,0.029150390625,0.05,217.8,847.8,0.433740234375,4.024999999999324,0.1,0.225,3,3471.4545
1567479996,0.275,0.029150390625,0.05,211.05,829.25,0.4343994140625,3.924999999999272,0.1,0.225,3,3471.4545
1567480013,0.31666666666666665,0.03177083333333333,0.05,931.3333333333336,3791.9,0.43191731770833336,23.38333333333765,0.1,0.21666666666666667,3,3471.4545
1567480046,0.2833333333333333,0.029947916666666668,0.03707125,227.6833333333333,877.7833333333334,0.431689453125,3.93333333333697,0.1112275,0.21666666666666667,3,3287.521
1567480063,0.2833333333333333,0.029947916666666668,0.039391666666666665,222.6,830.9333333333333,0.433154296875,4.066666666662788,0.11818458333333336,0.21666666666666667,3,3287.5209999999997
1567480080,0.2833333333333333,0.0294921875,0.04175513888888889,224.0,871.0,0.43333333333333335,4.100000000002903,0.12527833333333332,0.2333333333333333,3,3346.0890000000004
1567480097,0.2833333333333333,0.030403645833333333,0.04404152777777778,215.7333333333333,838.65,0.431982421875,3.9166666666695935,0.13213916666666667,0.2,3,3346.0890000000004
1567480114,0.2833333333333333,0.029947916666666668,0.04650319444444445,213.9333333333333,843.2,0.43268229166666666,3.966666666663485,0.13951875000000002,0.21666666666666667,3,4847.268666666667
1567480131,0.26666666666666666,0.02880859375,0.04878263888888889,217.95,859.35,0.432568359375,4.0500000000029015,0.14636416666666668,0.21666666666666667,3,4847.268666666667
1567480148,0.31666666666666665,0.03131510416666666,0.05,224.15,882.3833333333333,0.4337890625,4.09999999999954,0.15000000000000002,0.25,3,4847.268666666667
1567480165,0.24997917187369825,0.028122656835791054,0.05,215.78149212696823,843.9106473381654,0.4323697965482587,3.958014662997703,0.15000000000000002,0.1999833374989586,3,4847.268666666667
1567480182,0.2833541718763024,0.02949453183608402,0.05,210.83466700008339,833.8376510794365,0.4333854296907561,3.891981328668445,0.15000000000000002,0.2333500041677086,3,4847.268666666667
1567480198,0.2833333333333333,0.0294921875,0.05,225.01666666666668,880.5833333333335,0.433740234375,4.133333333336299,0.15000000000000002,0.2333333333333333,3,4835.299666666667
1567480214,0.25,0.028125,0.05,214.65,832.6666666666665,0.43221028645833337,3.9166666666661833,0.15000000000000002,0.2,3,4835.299666666667
1567480231,0.3,0.031087239583333325,0.05,213.4,840.0333333333333,0.4328938802083333,3.8833333333321214,0.15000000000000002,0.21666666666666667,3,3377.827
1567480248,0.3,0.031087239583333325,0.04999983333499999,216.91666666666663,857.6,0.43284505208333335,4.0000000000009575,0.14999950000499995,0.21666666666666667,3,3293.708
1567480265,0.2833333333333333,0.0294921875,0.05,216.11666666666665,830.9666666666667,0.4338541666666667,3.983333333336153,0.15000000000000002,0.2333333333333333,3,3293.708
1567480299,0.2500041668750104,0.028125468773438668,0.04999983333499999,212.48701018384256,834.2982374118707,0.4322826354533872,3.9650707535352008,0.14999950000499995,0.20000333350000835,3,3293.708
1567480316,0.2833283335833208,0.029491684595457725,0.05,216.9796568504908,855.9683649150876,0.4336027461322246,3.9849324200480094,0.15000000000000002,0.2333291668749896,4,3241.6223333333332
1567480333,0.26666666666666666,0.02880859375,0.05,211.50000000000003,830.6833333333334,0.43289388020833336,3.9333333333328815,0.15000000000000002,0.21666666666666667,4,3241.6223333333332
1567480349,0.325,0.031884765625,0.05000016666833335,801.9875,3075.8375,0.4326171875,18.700000000000173,0.15000050000500004,0.2375,4,3241.6223333333332
1567480382,0.2875,0.0296630859375,0.04065439583458335,220.9375,855.5125,0.432666015625,3.9874999999996232,0.1626359166716667,0.2375,4,3241.10375
1567480401,0.2875,0.0303466796875,0.042581979166666666,222.5,848.1875,0.43204345703125,4.03749999999901,0.17034291666666668,0.2125,4,3241.10375
1567480418,0.25,0.028125,0.04441760416666666,218.0375,859.1750000000003,0.43155517578125,4.024999999999128,0.17768208333333335,0.2,4,3357.62675
1567480436,0.3,0.03017578125,0.0461971875,221.175,864.85,0.4340087890625,3.962500000000162,0.18479791666666667,0.25,4,3314.4395
1567480453,0.2875,0.0306884765625,0.04800695833458332,220.125,857.425,0.43187255859375,4.000000000000732,0.19204991667166665,0.2,4,3314.4395
1567480470,0.2875,0.0300048828125,0.04980416666666667,218.9875,855.7,0.43284912109375,3.9750000000015717,0.19922583333333327,0.225,4,3314.4395
1567480487,0.2875,0.0300048828125,0.05,219.3125,858.8,0.4325927734375,4.04999999999923,0.2,0.225,4,3350.48675
1567480504,0.275,0.029150390625,0.05,223.3125,869.2375,0.4330078125,4.05000000000026,0.2,0.225,4,3355.96425
1567480520,0.2625,0.0286376953125,0.049999875001249985,216.45,844.575,0.43223876953125,4.13749999999947,0.19999950000499994,0.2125,4,3355.96425
1567480537,0.2625,0.0286376953125,0.04999987500124999,215.4625,844.575,0.43245849609375,4.1374999999994335,0.19999950000499994,0.2125,4,3355.96425
1567480553,0.2875,0.0296630859375,0.05000012500125001,222.15,866.25,0.433447265625,4.062500000000036,0.20000050000500005,0.2375,4,3328.96175
1567480571,0.25,0.028125,0.05,219.4875,859.0875,0.43182373046875,4.024999999998221,0.2,0.2,4,3328.96175
1567480587,0.2875,0.0300048828125,0.05,215.25,842.7,0.43271484375,3.875000000003759,0.2,0.225,4,3328.96175
1567480605,0.275,0.0294921875,0.05,216.0875,840.675,0.43245849609375,3.962499999998137,0.2,0.2125,4,3328.38875
1567480622,0.2875,0.0300048828125,0.05000012500125001,218.8,851.3000000000003,0.43331298828125,3.9874999999995713,0.20000050000500005,0.225,4,3281.71975
1567480639,0.2875,0.0296630859375,0.05000012500125001,220.725,864.075,0.43382568359375,4.099999999999824,0.20000050000500005,0.2375,4,3281.71975
1567480655,0.2625,0.0289794921875,0.05,214.7625,841.925,0.432275390625,3.9249999999995566,0.2,0.2,4,3281.71975
1567480672,0.3,0.030517578125,0.05,219.3125,851.6125,0.4336059570312501,3.9500000000020914,0.2,0.2375,4,3284.946
1567480689,0.26249250074992503,0.028636940993400663,0.05,219.9699530046996,862.0434256574342,0.4326185679771867,4.027401009899116,0.2,0.2124937506249376,5,3284.946
1567480705,0.2625062506250625,0.028638398507819525,0.05,218.7800167516752,854.0313481348137,0.4328476927282572,3.935094759474997,0.2,0.21250500050005,5,3284.946
1567480723,0.2625,0.0286376953125,0.05,217.1,848.05,0.4326171875,4.012499999998268,0.2,0.2125,5,3284.946
1567480740,0.2875,0.0296630859375,0.05,223.875,863.55,0.43367919921875,4.0125000000028885,0.2,0.2375,5,3250.0199999999995
1567480774,0.2625,0.0286376953125,0.042369483334333324,211.4625,827.775,0.4327392578125,3.887499999999236,0.21185700000500002,0.2125,5,3156.3198
1567480791,0.32,0.03154296875,0.04376708333333334,221.18,869.0699999999997,0.433408203125,4.059999999998865,0.2188445833333333,0.25,5,3156.3198
1567480809,0.25,0.028125,0.04524608333333333,224.62,880.15,0.4312109375,4.10000000000222,0.22624,0.2,5,3233.1988
1567480825,0.27,0.0289453125,0.046615166666666666,217.1,854.2199999999997,0.432158203125,3.9399999999977515,0.233085,0.22000000000000008,5,3233.1988
1567480842,0.27,0.0289453125,0.04798991666666667,220.23,878.3499999999997,0.43275390625,3.970000000000539,0.23995875,0.22,5,3233.1988
1567480858,0.30000000000000004,0.03099609375,0.04936633333333334,225.52,872.8299999999997,0.432822265625,4.110000000000511,0.2468441666666667,0.22000000000000008,5,3259.2478
1567480876,0.31,0.0311328125,0.05000010000100001,220.65,873.4,0.43349609375,4.039999999998585,0.250000500005,0.24,5,3205.004200000001
1567480892,0.27,0.02921875,0.05,216.42,854.27,0.432099609375,3.8900000000008106,0.25,0.21,5,3206.6136
1567480927,0.28,0.02935546875,0.049999900000999985,226.58,879.34,0.43357421875,4.099999999999682,0.249999500005,0.23,5,3210.5458
1567480944,0.28,0.029628906250000007,0.05,218.64,855.61,0.433134765625,3.909999999999656,0.25,0.22000000000000008,5,3216.755
1567480960,0.26,0.02853515625,0.04999970000899973,215.31000000000003,848.9100000000003,0.432431640625,3.8999999999996935,0.24999850004499866,0.21,5,3072.7264
1567480977,0.30000000000000004,0.03072265625,0.05,219.63,862.13,0.43302734375,3.9899999999997817,0.25,0.23,5,3072.7264
1567480993,0.31,0.031406250000000004,0.049999900000999985,222.68,878.12,0.433134765625,4.0600000000017635,0.249999500005,0.23,5,3072.7264
1567481010,0.25,0.028125,0.05,217.51,855.38,0.43216796875,3.9599999999980176,0.25,0.2,5,3072.7264
1567481028,0.27,0.0289453125,0.05,218.26,870.74,0.4330078125,3.950000000001694,0.25,0.22000000000000008,5,3072.7264
1567481044,0.2799970001499925,0.029355167007274637,0.04999970000899973,226.35778561071945,876.7212714364282,0.4335210534395155,4.050960951952982,0.24999850004499866,0.22999750012499376,6,3073.9604
1567481061,0.2800030001500075,0.029355770522901142,0.05000030000900027,220.45222611130558,850.2387054352718,0.4333832370329454,3.929038951946752,0.2500015000450013,0.23000250012500625,6,3073.9604
1567481095,0.2999979167708281,0.03063127605338483,0.04327945833416666,272.98134509941167,1218.075432895022,0.4325484877286084,7.4841312101048265,0.2596863333383333,0.2249983334166625,7,3069.801833333333
1567481112,0.3214307143928625,0.031640840552072245,0.044425763888888886,488.55887580093287,2054.571023551178,0.43239009257940575,12.849315322910307,0.26656416666666666,0.2428589286607188,7,3069.801833333333
1567481146,0.2857142857142857,0.02978515625,0.04143575000642877,224.87142857142857,888.8,0.4320103236607144,3.9857142857145385,0.2900835833783346,0.2285714285714285,7,3086.6479999999997
1567481162,0.2785714285714286,0.0294921875,0.04341582578580863,232.72857142857143,901.4357142857144,0.4319614955357143,4.078571428572663,0.3039324470319121,0.22142857142857145,7,3086.648
1567481180,0.2928550001071375,0.02988259696948188,0.045530583334047615,224.82693115344242,886.1005806852513,0.4331791072974253,4.000684965750319,0.3187349166716666,0.2428553572321384,7,3086.6479999999997
1567481197,0.2857160715178616,0.03017598215290229,0.047238738095952366,222.3730261513076,882.5850621102486,0.4320971098778153,3.9350285371397353,0.3306807500049999,0.214287142928575,7,3187.607571428571
1567481214,0.2785732143750045,0.029492388402902286,0.048264833334047616,228.3158832941647,896.2922049673912,0.4323552013956725,4.077885679999784,0.3378630000050001,0.22143000007143213,7,3183.569428571428
1567481231,0.3,0.03037109375,0.049295250000714295,223.12142857142857,880.1214285714287,0.4334681919642857,4.007142857142603,0.34507675000500004,0.24285714285714285,7,3183.569428571428
1567481248,0.2785714285714286,0.0294921875,0.05,219.27142857142846,866.7285714285715,0.4326799665178572,3.957142857142953,0.35,0.22142857142857145,7,3246.645
1567481264,0.2714285714285714,0.02900390625,0.05,217.6285714285714,866.7642857142857,0.4325404575892857,3.864285714284392,0.35,0.22142857142857145,7,3246.645
1567481281,0.2857142857142857,0.02958984375,0.05000007142928572,225.25714285714287,885.1214285714287,0.433203125,3.9999999999995897,0.350000500005,0.2357142857142857,7,3215.253571428572
1567481298,0.278555364371747,0.029295067777535818,0.05000007142928572,220.85767761650115,871.3752929039075,0.4329312704930102,3.9776036497856415,0.350000500005,0.2285585772116833,7,3215.253571428572
1567481314,0.2857321501818318,0.02998247850259893,0.05,216.17938223511717,857.5020044727447,0.4326341093289071,3.9074107515674745,0.35000000000000003,0.22144286300260832,7,3212.032142857143
1567481332,0.2642839286607099,0.028710736617187,0.04999992857214285,227.7912368667281,901.2862585442157,0.4323350577030301,4.136398537215971,0.3499995000049999,0.2142842857857107,7,3141.677857142857
1567481349,0.29284857249984997,0.03007726294257699,0.04999978572071409,224.90817361128785,883.884216353901,0.43328143011752906,4.038458942584087,0.3499985000449986,0.235707143749875,7,3077.672428571429
1567481366,0.2714357151786965,0.02900470992188906,0.05000007142928572,224.06295213566932,887.4797177151238,0.4329713272264472,4.054396085057685,0.35000050000500005,0.22143428642867144,7,3109.8432857142852
1567481383,0.27142857142857146,0.02919921875,0.05,217.97142857142865,857.9714285714285,0.4324846540178571,3.9428571428574952,0.35,0.2142857142857143,7,3112.3215714285716
1567481400,0.2857142857142857,0.02978515625,0.04999992857214285,226.87857142857143,894.657142857143,0.4329799107142857,4.057142857143756,0.3499995000049999,0.2285714285714285,7,3114.448142857143
1567481416,0.2714285714285714,0.02900390625,0.0499998571442857,223.35,875.5142857142856,0.4327287946428571,4.050000000000905,0.3499990000099999,0.22142857142857145,7,3114.448142857143
1567481435,0.2714285714285714,0.02900390625,0.05000000000142857,216.87857142857143,864.7857142857142,0.4329380580357143,4.3499999999997385,0.35000000001000003,0.22142857142857145,7,3114.448142857143
1567481451,0.2642857142857143,0.0287109375,0.050000214292143054,224.67857142857144,886.9571428571429,0.4326102120535715,4.114285714284733,0.3500015000450013,0.2142857142857143,7,3107.2372857142855
1567481468,0.2785714285714286,0.029296875,0.05,226.63571428571427,889.3214285714282,0.4335100446428571,4.121428571428478,0.35,0.2357142857142857,7,3060.414142857143
1567481486,0.2785714285714286,0.0294921875,0.05,222.12857142857143,881.5071428571428,0.4330078125,4.014285714285961,0.35,0.22142857142857145,7,3655.5409999999997
1567481503,0.2785714285714286,0.029296875,0.05000007142928572,218.55714285714288,869.5,0.43330078125,3.9500000000014825,0.350000500005,0.2285714285714285,7,3658.354571428572
1567481520,0.2785714285714286,0.0294921875,0.05000007142928572,224.8357142857143,891.3785714285713,0.4330775669642857,4.085714285713657,0.35000050000500005,0.22142857142857145,7,3654.3785714285714
1567481537,0.2928571428571428,0.0298828125,0.05,221.3357142857143,874.9571428571428,0.4338657924107143,4.014285714285272,0.35,0.24285714285714285,7,3603.849
1567481554,0.2857142857142857,0.02978515625,0.04999992857214285,218.55714285714282,870.5,0.4330775669642857,3.9714285714287363,0.3499995000049999,0.2285714285714285,8,3610.740571428572
1567481571,0.27142857142857146,0.029003906250000006,0.049999571454284165,225.3642857142857,889.7,0.43296595982142855,4.100000000000697,0.3499970001799892,0.22142857142857145,8,3609.2711428571424
1567481587,0.33124812509374524,0.03231182312954665,0.049999571454284165,544.3734803884805,2195.831503424829,0.4319797099134301,13.363097157642356,0.3499970001799892,0.2374984375781211,8,3609.2711428571424
1567481620,0.29999999999999993,0.030517578125,0.04490464583395834,222.7375,872.11875,0.43309936523437503,3.9625000000010764,0.3592513333383333,0.2375,8,3554.5045
1567481638,0.26249843757812114,0.028637519540038618,0.04582644791979162,225.72981694665268,897.406696540173,0.4320529652228326,4.056849345033848,0.3666274166916663,0.21249875006249688,8,3554.5045
1567481655,0.29999843757812106,0.030517402352538626,0.046688958333333336,226.14231694665267,892.8566965401732,0.4334628773322077,4.081849345031978,0.3735258333333333,0.2374987500624969,8,3554.5045
1567481672,0.28750187509375463,0.02966327454556322,0.047578291689168016,217.98265413270667,866.2994168458423,0.4333157020399848,3.9431493449678174,0.3806355001800108,0.2375015625781289,8,3574.8836249999995
1567481689,0.275,0.0294921875,0.04848661460645968,221.68125,878.5124999999997,0.432293701171875,3.9749999999995462,0.3879079168516774,0.2125,8,3539.6765
1567481706,0.3,0.030517578125,0.04935942709895756,221.725,874.2125000000003,0.4334533691406249,3.96874999999997,0.3948941667916603,0.2375,8,3521.857625
1567481723,0.275,0.029150390625,0.049999625016249216,222.54375,881.4499999999997,0.432879638671875,4.068750000001611,0.3999970001299936,0.225,8,3579.55825
1567481739,0.28125,0.02940673828125,0.049999687508124786,216.43750000000003,856.35,0.43297729492187503,3.9312499999990185,0.39999750006499823,0.23125,8,3579.55825
1567481756,0.2687468753124687,0.02906458987890273,0.050000062500625005,223.54722902709727,883.3080485701431,0.4322516893818431,4.0324511298861525,0.40000050000500004,0.212497500249975,8,3579.812125
1567481773,0.2937537503750375,0.030090709266239125,0.049999875001249985,222.2026927692769,885.9232654515448,0.433586964043084,3.99254925492623,0.3999990000099998,0.2375031253125313,8,3583.0725
1567481790,0.2812421894526368,0.029405859594671645,0.050000062500625005,221.1993314171457,876.4593710947264,0.4333239062670856,4.009253936514038,0.40000050000500004,0.2312437515621095,9,3583.0725
1567481807,0.26250781445361343,0.02863857443853152,0.05000031251562579,223.25088147036757,888.7724962490622,0.4324292605744209,4.046999249814064,0.4000025001250062,0.21250625156289074,9,3541.0445
1567481824,0.275,0.029150390625,0.05000043751562557,223.20625,878.95625,0.43311157226562497,4.050000000000242,0.4000035001250045,0.225,9,3038.492375000001
1567481842,0.29375,0.03026123046875,0.05000043751562557,223.025,881.7937499999997,0.433367919921875,4.024999999998471,0.4000035001250045,0.23125,9,3041.46025
1567481876,0.26875,0.02906494140625,0.045598083343332985,223.48125,880.93125,0.4327426536388024,4.000600594971056,0.4103952500899969,0.2187484375781211,9,3053.750666666667
1567481892,0.27777611119444023,0.029264155281819238,0.04636898148148148,226.85434061630247,902.6174091295436,0.43235436399838,4.133867195529033,0.41733041666666665,0.22777638895832986,9,3053.750666666667
1567481909,0.28889027784722565,0.030024027785590667,0.0471475,221.86794450833654,870.3661441405403,0.432511078678934,3.943911362234577,0.4243370833333333,0.2277788889444472,9,3451.7327777777778
1567481926,0.26666666666666666,0.02880859375,0.04791436111166667,222.1444444444444,884.8277777777777,0.4322970920138889,3.9888888888891536,0.4312384166716667,0.21666666666666667,9,3480.483
1567481943,0.28888722230555136,0.029719884448485907,0.04874319445166648,223.68757534345505,881.0836274852924,0.4332549664834467,4.0060877511682085,0.4386987500649983,0.238887500069441,9,3080.348
1567481960,0.2611125000694479,0.028732795146701774,0.04951340742407423,225.745710063281,890.3107360923602,0.4320607773010178,4.04946747337428,0.4456310834833348,0.20555666672222506,9,3078.2374444444445
1567481977,0.28333194451388544,0.029492031257812107,0.05000011112222254,222.37652589592744,885.7448658122647,0.4334394404954231,3.989422195557596,0.4500010001000028,0.233332222277775,9,3098.8326666666667
1567481995,0.2833286115138521,0.02994742517154574,0.05,224.9295761464579,890.7741606605579,0.4327021959690077,4.029377088955932,0.45,0.21666277811108056,9,3097.1511111111113
1567482012,0.2888916669444723,0.029720364614586457,0.049999944445,225.1191219121912,886.4595954039847,0.4335225948810159,4.0711565600994035,0.4499995000049999,0.23889111133335555,9,3079.688666666667
1567482028,0.2722205556388847,0.029036290698485907,0.049999944445,224.18767589398308,885.3340930175713,0.4328534935015402,4.028310806682725,0.449999500005,0.22222083340277432,9,3410.267555555556
1567482045,0.2888886112638881,0.0297200407062988,0.05000011112333338,223.2667340135557,887.7114960543898,0.4335883197393801,4.088889391165886,0.4500010001100004,0.2388886112361104,9,3400.134111111111
1567482061,0.2888902778472257,0.02987211806336844,0.0500001666794445,225.1401542299337,893.1660177453317,0.43337913314936577,4.06613302887483,0.4500015001150005,0.2333344445000028,9,3056.343888888889
1567482078,0.2722208334027743,0.029188211813367664,0.05000011111333338,222.73776450066387,877.6569974279064,0.4325768089308208,4.028311917738331,0.4500010000200004,0.2166655556111083,9,3057.0434444444445
1567482096,0.2833350000833374,0.02949235515161175,0.04999994444499999,219.68996922068328,869.1095265874405,0.4335093569457119,3.9383538621374266,0.449999500005,0.2333347222916701,9,3387.6223333333337
1567482113,0.27222222222222225,0.02903645833333333,0.04999972223722153,224.86111111111111,892.9222222222223,0.4327745225694445,4.061111111111064,0.4499975001349938,0.22222222222222224,9,3387.875
1567482130,0.28888750006944103,0.030023715285589888,0.04999972223722153,226.1821081168164,895.2118449633074,0.4331410496532465,4.083866640001725,0.4499975001349938,0.22777666672221944,9,3388.131111111111
1567482147,0.27777083451366325,0.029567361243898218,0.050000166671666825,222.56062574662369,878.386808859417,0.43284392266371385,4.030446212974681,0.4500015000450013,0.21666111205537505,9,3388.1492222222223
1567482164,0.283342779416982,0.029493071440702907,0.05,222.3564236050037,878.3256485918912,0.4333237013251672,4.052892047261562,0.45,0.2333413902919369,9,3376.1944444444453
1567482181,0.28889666822253346,0.02972076837242448,0.05,225.36078104509792,895.0598408570603,0.43349490102013455,4.031202907247954,0.45,0.2388955568891556,9,3360.4312222222225
1567482198,0.26666666666666666,0.02880859375,0.05000005555611112,222.7,881.2222222222223,0.4327473958333333,4.016666666666582,0.450000500005,0.2166666666666667,9,3365.6177777777784
1567482214,0.29444444444444445,0.030099826388888886,0.05000033334777848,218.8,871.8666666666667,0.4338107638888888,3.938888888888496,0.4500030001300063,0.2388888888888889,9,3373.328666666667
1567482231,0.27777638895832985,0.029416076396701,0.05000033334777848,223.41538256420512,889.0614827591952,0.4329620104823752,4.033866640001613,0.4500030001300063,0.22222111116666388,9,3387.516333333333
1567482248,0.28333472229167017,0.029492343757812886,0.049999944444999986,224.56242089882267,894.827412759527,0.4334767910270514,4.088357195637725,0.449999500005,0.2333344445000028,9,3387.516333333333
1567482265,0.26666666666666666,0.02880859375,0.04999883357828189,221.61666666666667,884.8111111111111,0.4327365451388889,3.994444444444506,0.4499895022045369,0.2166666666666667,9,3362.372666666666
1567482282,0.2777777777777778,0.02926432291666667,0.04999988889111106,223.3333333333333,892.6444444444444,0.43333333333333335,4.016666666666393,0.4499990000199996,0.2277777777777777,9,3362.372666666666
1567482300,0.2999983334166625,0.030175613615152575,0.05,225.03771561421928,894.6345654939474,0.4343129072930034,4.0727549733618025,0.45,0.2499986111805521,9,3354.740444444445
1567482316,0.27220002012184785,0.029033960597041213,0.05,222.19054822747464,879.5619350640254,0.4332028030018612,4.069616733640706,0.45,0.22220446054192267,9,3354.740444444445
1567482333,0.2722505796593772,0.029039310692734664,0.05000005555611112,219.5661945987423,873.7485607210574,0.43302710108496734,3.996500080624074,0.450000500005,0.2222458534198513,9,3364.524111111111
1567482350,0.2833333333333333,0.0294921875,0.05000000000111112,221.1055555555556,877.0888888888887,0.4335177951388888,4.011111111112232,0.45000000001,0.2333333333333333,9,3369.4566666666665
1567482366,0.2888888888888889,0.02972005208333333,0.05000127802505151,222.83333333333331,881.3944444444444,0.4339898003472222,4.011111111109893,0.4500115022254635,0.2388888888888889,9,3370.9512222222224
1567482383,0.2611111111111111,0.028580729166666662,0.05000011111333338,225.16666666666669,887.7444444444444,0.4326985677083333,4.011111111110811,0.4500010000200004,0.21111111111111114,9,3377.387666666666
1567482401,0.2833333333333333,0.0294921875,0.04999972223166632,225.24444444444447,898.1444444444444,0.4336805555555556,4.066666666667009,0.4499975000849967,0.2333333333333333,9,3356.2
1567482417,0.2833266679997334,0.029491517061171094,0.049999944444999986,224.7116276744651,892.0628141038459,0.43364378990521335,4.063245128752566,0.4499995000049999,0.2333277788886667,9,3356.2
1567482435,0.2666722233335556,0.028809218875025005,0.05,223.95508990687023,886.2147362805895,0.4330662323871025,4.031202907247859,0.45,0.2166711120001778,9,3056.714555555556
1567482453,0.2944411114444111,0.03009949113595585,0.05000005555611112,220.50860469508604,874.1844715528447,0.4338547671925516,3.9788448932883678,0.450000500005,0.2388861113888611,9,3030.447555555556
1567482470,0.2777805558333611,0.029416545170142014,0.05,222.3580496938583,881.8600882310452,0.4331265369375479,3.9822660043780047,0.45,0.2222244446666889,9,3030.447555555556
1567482487,0.3,0.03017578125,0.049999944444999986,223.31666666666663,883.3944444444444,0.43428276909722224,4.005555555556587,0.449999500005,0.25,9,3040.6054444444444
1567482503,0.24999305729123275,0.028124218945263683,0.05000027778722259,222.2715640534311,877.4422005609707,0.43211690431341815,3.9915548890563057,0.4500025000850032,0.1999944458329862,9,3040.6054444444444
1567482520,0.28334166875052097,0.02949302592575227,0.05,222.52260704064904,881.2123905976492,0.4335135840166639,4.047329888026344,0.45,0.2333402795143231,9,3037.7276666666667
1567482537,0.2722222222222222,0.02903645833333333,0.05,221.74444444444444,880.8222222222223,0.4329155815972222,4.022222222221533,0.45,0.2222222222222222,9,3037.7276666666667
1567482555,0.2777777777777778,0.02926432291666667,0.049999944444999986,227.0,897.2388888888887,0.43338216145833336,4.094444444443878,0.449999500005,0.2277777777777777,9,3007.2163333333333
1567482571,0.26666222258330136,0.02880811364639945,0.05000000000111112,222.76278199027644,885.4788965722307,0.4330657134904517,4.046039867095276,0.4500000000099999,0.21666305584719656,9,3003.2625555555555
1567482589,0.2777802782083604,0.029264624070885262,0.05000005555611112,221.28577091991298,886.4156114722093,0.4335280158574563,4.0100445621427525,0.450000500005,0.227779722569466,9,3003.2625555555555
1567482606,0.2944408335138799,0.03009947213142815,0.05,225.7363737368687,891.945425784266,0.4338927489931927,4.106622168892624,0.45,0.2388861112499931,9,3003.2625555555555
1567482623,0.2722255557222305,0.02934062827273308,0.05,222.57469262352004,881.1320377129969,0.4328661311537799,4.026710502191017,0.45,0.21111333344445,9,3003.2625555555555
1567482639,0.2888888888888889,0.029871961805555555,0.04999977778666631,221.57222222222214,874.4555555555555,0.4337022569444445,4.03333333333396,0.4499980000799968,0.2333333333333333,9,2993.320444444444
1567482656,0.2722222222222222,0.02903645833333333,0.05000005555611112,223.47777777777776,884.3888888888887,0.4330783420138889,4.005555555555639,0.450000500005,0.22222222222222224,9,2992.6864444444445
1567482673,0.2833333333333333,0.0294921875,0.04999994444499999,221.98333333333332,880.9111111111113,0.433642578125,4.0500000000002325,0.449999500005,0.2333333333333333,9,2963.045111111111
1567482690,0.2833333333333334,0.029796006944444443,0.049999944444999986,220.12777777777785,874.1999999999997,0.43330078125,3.994444444444033,0.449999500005,0.22222222222222224,9,2984.906888888889
1567482707,0.2666666666666666,0.02880859375,0.048770787037037036,223.3,887.6444444444444,0.4331217447916667,4.044444444444745,0.4389258333333333,0.21666666666666667,9,3002.283625
1567482724,0.27499218835926176,0.029149511815416945,0.04800572222444442,226.38085538698812,896.8495064109402,0.4337022979359153,4.0860005396624794,0.4320360833533329,0.2249937506874093,8,3002.283625
1567482741,0.275009376031386,0.029151333721906987,0.04721025926148145,226.5006116863952,899.8577222227461,0.43335707119499056,4.158445817990224,0.4248806666866663,0.2250078133594884,8,3002.283625
1567482758,0.28750187509375474,0.02966327454556322,0.04640721296351851,215.8951216310816,865.6869596604831,0.433828390943473,3.9883549733053294,0.41765366667166665,0.2375015625781289,8,3000.478375
1567482775,0.275,0.029150390625,0.049999937500624994,224.725,881.5625,0.43348388671875,4.133333333333174,0.3999995000049999,0.225,8,2999.87775
1567482792,0.2812484375781211,0.029406562508788626,0.049999875001249985,223.9297388255587,880.8065165491722,0.4338596024910669,4.0630984075780585,0.3999990000099999,0.2312487500624969,8,2993.66475
1567482809,0.27500187509375473,0.029150579233063214,0.049999937500624994,220.71395632281616,882.1308009150458,0.4334316660901405,3.993150595029956,0.399999500005,0.22500156257812887,8,3006.962375
1567482826,0.2625,0.0286376953125,0.05000037501250045,222.61875,887.0,0.43294677734375,4.006250000000193,0.4000030001000036,0.2125,8,3007.82575
1567482842,0.2875,0.0296630859375,0.05000037501250045,221.625,874.1750000000003,0.433819580078125,3.9687499999998015,0.4000030001000036,0.2375,8,3001.675500000001
1567482860,0.26875,0.02889404296875,0.049999937506874835,225.45625,888.61875,0.433148193359375,4.112499999999243,0.3999995000549987,0.21875,8,3038.6241249999994
1567482877,0.28125,0.02940673828125,0.05000012500125002,218.8875,868.0687499999997,0.4334716796875,3.9374999999996882,0.4000010000100001,0.23125,8,3037.76075
1567482912,0.28750000000000003,0.029833984375,0.050000062500625005,221.23125,877.9125,0.4336975097656249,3.9812500000016366,0.400000500005,0.23125,8,2985.5925
1567482929,0.275,0.029150390625,0.0499997500099996,218.19375,864.6125,0.4332885742187499,3.94999999999797,0.3999980000799968,0.225,8,2988.503875
1567482945,0.28750000000000003,0.029833984375,0.05000012500625016,219.79375,880.1187500000003,0.43348388671875,3.981249999998937,0.4000010000500013,0.23125,8,2994.608375
1567482962,0.275,0.029150390625,0.05000012500625016,222.21875,876.3,0.43333740234375,3.956250000003081,0.4000010000500013,0.225,8,2999.097125
1567482979,0.26875000000000004,0.02889404296875,0.049999937500624994,220.13125,874.26875,0.433148193359375,4.03750000000329,0.399999500005,0.21875000000000008,8,2999.097125
1567482996,0.2875,0.0296630859375,0.0500005000400032,219.48750000000004,875.03125,0.4342041015625,3.9999999999966462,0.4000040003200256,0.2375,8,3015.260125
1567483016,0.275,0.0293212890625,0.0500002500100004,224.63125,885.8937500000003,0.433154296875,4.018750000001603,0.4000020000800032,0.21875,8,3015.260125
1567483033,0.28125,0.02940673828125,0.05,221.7375,880.375,0.4337646484375,3.9562500000016594,0.4,0.23125,8,2940.8437500000005
1567483055,0.26875000000000004,0.02889404296875,0.05000000000125,217.54375,864.8,0.433306884765625,3.962499999998101,0.4000000000099999,0.21875000000000008,8,2946.7341250000004
1567483072,0.275,0.029150390625,0.04875608333395833,224.34375,890.46875,0.43348388671875,4.11249999999896,0.3900395833333333,0.225,8,2963.839857142857
1567483089,0.2499982143749956,0.028124799117187002,0.047886927083333336,222.4340372267101,879.7075489082689,0.4324536671464418,4.069349032551351,0.3830858333333333,0.19999857149999645,7,2963.839857142857
1567483109,0.29285714307142857,0.02988281252155413,0.04685927084145811,220.21446622687543,877.8298395328067,0.4345075372804828,4.0875011900285285,0.37486500006499823,0.2428571430357143,7,2980.727142857143
1567483125,0.2714307143928624,0.02900412180207225,0.04599536458333334,217.68711221275348,864.3123488317273,0.4337014894131983,4.043148407424652,0.3679533333333333,0.2214303572321473,7,2996.670714285715
1567483142,0.27142857142857146,0.029003906250000006,0.04999992857214285,225.2642857142857,891.3642857142858,0.4336356026785714,4.021428571425727,0.349999500005,0.22142857142857145,7,3002.9267142857148
1567483160,0.2785714285714286,0.029296875,0.05000007142928572,221.67142857142858,868.5928571428572,0.4337681361607143,4.07142857143039,0.35000050000500005,0.2285714285714286,7,3006.9487142857147
1567483177,0.2714285714285714,0.02900390625,0.05000007142928572,217.15,861.8571428571428,0.4335309709821428,3.9000000000018127,0.35000050000500005,0.22142857142857145,7,3006.9487142857147
1567483194,0.26428571428571423,0.0287109375,0.05000035715214311,228.15,900.0214285714287,0.43312639508928574,4.149999999996875,0.3500025000650018,0.2142857142857143,7,3000.692714285715
1567483211,0.2571428571428572,0.02841796875,0.05000035715214311,221.4,867.5857142857143,0.4330217633928571,4.007142857144571,0.3500025000650018,0.2071428571428572,7,3000.692714285715
1567483228,0.2714264286785661,0.029003690719481882,0.04999978572071409,222.8269400815673,881.1720378266801,0.4335627439470661,4.207827822894804,0.3499985000449986,0.22142678580356687,7,3566.374285714285
1567483245,0.2857160715178616,0.029590044652902287,0.050000000001428575,217.67305972441483,863.070980334731,0.43418975287492056,3.9421717514427512,0.35000000001000003,0.2357157143571464,7,3553.478857142857
1567483262,0.2571428571428571,0.02841796875,0.04999992857214285,223.04285714285717,882.5500000000003,0.4331473214285714,4.049999999999401,0.349999500005,0.2071428571428572,7,2987.797285714286
1567483278,0.2857142857142857,0.02958984375,0.05,220.5214285714286,879.45,0.4342145647321428,4.049999999999727,0.35,0.2357142857142857,7,2978.3007142857145
1567483295,0.2785714285714286,0.029296875,0.05,215.40714285714282,858.5142857142857,0.4338936941964285,3.9071428571443385,0.35,0.2285714285714285,7,2990.595857142857
1567483313,0.2642857142857143,0.0287109375,0.05,225.55,896.7285714285713,0.43325892857142856,4.121428571431482,0.35,0.2142857142857143,7,2994.3858571428573
1567483330,0.2785714285714286,0.0294921875,0.050000000001428575,222.02142857142857,871.9571428571429,0.4334333147321429,4.014285714282063,0.35000000001000003,0.22142857142857145,7,2994.3858571428573
1567483347,0.27856964294642417,0.029296674117187,0.05000007142928572,222.2198079381745,885.1576010485187,0.4338766540328117,4.05068532287774,0.350000500005,0.228570000071425,7,2994.3858571428573
1567483364,0.2785696429464241,0.029296674117187,0.05000007142928572,219.548387937746,864.4008574571271,0.4338696803301576,3.943543179983197,0.35000050000500005,0.228570000071425,7,2991.822
1567483381,0.2642896430535813,0.028711353954974525,0.04999992857214285,225.7747351653297,893.9130795825506,0.4336208691014908,4.0414874315153035,0.3499995000049999,0.22143178587500809,7,2985.0805714285716
1567483397,0.2714285714285714,0.02900390625,0.04999992857214285,221.32142857142856,876.1428571428571,0.43353794642857146,3.9928571428588713,0.3499995000049999,0.22142857142857145,7,2976.717142857143
1567483414,0.2785714285714286,0.029296875,0.04875803571428572,216.97857142857143,863.9,0.43415178571428575,3.9214285714297135,0.34129541666666663,0.2285714285714285,7,2993.0178333333333
1567483431,0.29166666666666663,0.029833984375,0.04776950000357149,224.28333333333333,886.7333333333332,0.434375,4.078571428567232,0.3343765000250004,0.2416666666666667,6,2995.1685
1567483447,0.275,0.029150390625,0.046782369048333335,227.8333333333333,899.475,0.43382161458333335,4.12857142857352,0.32746200000500003,0.225,6,2995.1685
1567483465,0.275,0.029150390625,0.04572915476261904,216.88333333333333,858.8083333333333,0.4337320963541667,3.957142857142506,0.320085750005,0.225,6,2995.1685
1567483482,0.29166666666666663,0.03006184895833333,0.04470834523880953,216.90833333333333,866.3833333333333,0.4341796875,3.992857142859196,0.312949250005,0.2333333333333333,6,2994.828666666667
1567483499,0.25833333333333336,0.028466796875,0.050000083334166674,223.6,884.0416666666665,0.4334065755208333,4.024999999995773,0.300000500005,0.2083333333333333,6,3007.2518333333333
1567483516,0.275,0.029150390625,0.05,217.9,854.5166666666668,0.4339762369791667,3.933333333328618,0.3,0.225,6,3004.908833333333
1567483533,0.275,0.029150390625,0.050000083334166674,219.925,867.875,0.43361002604166665,4.025000000002591,0.3000005000050001,0.225,6,3004.908833333333
1567483550,0.29166666666666663,0.029833984375,0.050000083334166674,222.44166666666663,875.6416666666668,0.4344401041666667,4.041666666665075,0.3000005000050001,0.2416666666666667,6,3004.908833333333
1567483566,0.275,0.029150390625,0.050000083334166674,226.46666666666667,889.9583333333335,0.43369140625,4.125000000000227,0.3000005000050001,0.225,6,3010.6231666666667
1567483583,0.275,0.029150390625,0.05,215.61666666666667,850.25,0.4338785807291666,3.908333333330726,0.3,0.225,6,3691.508
1567483600,0.2833333333333333,0.029492187500000006,0.049999666679999465,216.725,856.125,0.4340576171875,3.9250000000019245,0.2999980000799968,0.2333333333333333,6,3689.583
1567483618,0.275,0.029150390625,0.05,222.50833333333333,887.3249999999997,0.4337320963541666,4.083333333334546,0.3,0.225,6,3677.159833333333
1567483635,0.275,0.029150390625,0.049999916667499984,216.5583333333333,853.9166666666667,0.4341064453125,3.866666666668456,0.2999995000049999,0.225,6,3669.719333333333
1567483653,0.275,0.029150390625,0.04999983333499999,217.83333333333331,870.9666666666666,0.43385416666666665,3.9500000000013338,0.2999990000099999,0.225,6,3670.815
1567483669,0.28333125010416144,0.02949195313671817,0.04999983333499999,219.34810676132855,863.508957885439,0.43401332659604,3.942466210023608,0.2999990000099999,0.23333166674999584,6,3681.168666666667
1567483686,0.2666691667916729,0.02880884522741762,0.0500002500141672,226.04367926729668,889.8332412453958,0.4332881255879201,4.082536210139367,0.30000150008500315,0.2166687501041719,6,3687.165666666666
1567483703,0.2833333333333333,0.0294921875,0.0500003333466672,218.14166666666665,868.4416666666667,0.4341796875,3.950000000002471,0.3000020000800032,0.2333333333333333,6,3687.1656666666663
1567483722,0.2833333333333333,0.02972005208333333,0.050000083334166674,218.24166666666667,868.9,0.43408203125,3.9583333333299233,0.300000500005,0.225,6,3684.305166666666
1567483739,0.25833333333333336,0.028466796875,0.04882084722305557,225.01666666666665,882.6083333333332,0.433251953125,4.083333333330377,0.292915500005,0.2083333333333333,6,3825.9246
1567483757,0.29166666666666663,0.029833984375,0.047577670275430514,222.675,873.8083333333333,0.4343505859375,3.958333333333712,0.2854564381595249,0.2416666666666667,6,3005.5842
1567483778,0.24999500049995,0.028124437556244376,0.046145372384309616,215.59555244475555,860.9417118288171,0.43290149500674935,3.9932665066841513,0.2768576506079319,0.19999600039996,5,3028.3912
1567483795,0.29999500049995004,0.030175218806244374,0.04495444444444445,224.4855524447555,891.8517118288171,0.4348253231317493,4.134933173351257,0.2697170833333333,0.24999600039996,5,3030.6904
1567483811,0.27000600060006,0.0289459160759826,0.04379908333416666,223.70477247724773,887.8192009200917,0.4337293895405165,4.106737340396782,0.2627836666716666,0.22000500050005,5,3030.6904
1567483828,0.27,0.0289453125,0.04999950001699935,215.94,845.29,0.433681640625,4.010000000003856,0.2499975000849968,0.22,5,3040.078
1567483845,0.3,0.03044921875,0.05,211.91,830.02,0.434619140625,3.829999999996288,0.25,0.24,5,3045.8824
1567483862,0.2799975001249937,0.0293551875140618,0.05,221.6477641117944,871.8911394430278,0.43396052316524797,4.0809604519796014,0.25,0.229998000099995,5,3024.6452
1567483878,0.2800025001250063,0.029355750014063205,0.05,219.23223461173058,867.0187539376967,0.4344281510950548,3.9990404520235066,0.25,0.23000200010000504,5,3051.6664
1567483895,0.27,0.0289453125,0.05,213.45,847.13,0.4334765625,3.900000000001,0.25,0.22,5,3051.6664
1567483913,0.3,0.03017578125,0.050000400018000636,222.16000000000003,874.55,0.43501953125,4.03000000000111,0.2500020000900032,0.25,5,3051.3848
1567483931,0.26,0.02853515625,0.050000100025000375,221.06,871.49,0.433193359375,4.009999999995672,0.25000050012500186,0.21,5,3051.3848
1567483949,0.29,0.029765625,0.04999970000899973,217.08,844.0099999999999,0.43486328125,3.890000000001692,0.24999850004499866,0.24,5,3051.3848
1567483970,0.27,0.0289453125,0.04999940002599874,215.27,854.28,0.4337890625,3.8799999999996544,0.2499970001299937,0.22000000000000008,5,3051.1062
1567483987,0.27,0.0289453125,0.05,222.52,879.3100000000003,0.43373046875,4.059999999998581,0.25,0.22000000000000008,5,3024.085
1567484004,0.28998300294943263,0.03003747195253558,0.05000010000100001,217.30909085979408,852.5968163775374,0.4340895437445551,3.9848021837128926,0.250000500005,0.22998550252451386,5,3862.6656
1567484020,0.29001300215040754,0.02976705199794615,0.05,214.0206518087457,848.1827532884946,0.4348263376628125,3.855188682112401,0.25,0.2400105017253263,5,3884.37
1567484037,0.28,0.02935546875,0.05000030000900027,221.7,878.5,0.4341015625,4.059999999994943,0.2500015000450013,0.23,5,3888.1058
1567484055,0.28,0.02935546875,0.05,217.76,864.79,0.434326171875,3.9999999999990905,0.25,0.23,5,3915.127
1567484072,0.29,0.029765625,0.05000060002600126,214.29,849.91,0.434345703125,3.890000000001692,0.25000300013000626,0.24,5,3915.127
1567484089,0.27,0.0289453125,0.04886833333333333,217.3,865.0799999999997,0.43337890625,3.9600000000009454,0.24433249999999998,0.22000000000000008,5,4169.04
1567484107,0.27,0.0289453125,0.05743016666666668,219.68,869.24,0.43376953125,3.9800000000013824,0.2871416666666667,0.22000000000000008,5,3343.6650000000004
1567484123,0.2875,0.0296630859375,0.08602257000179997,236.8625,883.8125,0.43489990234375,4.940000000002783,0.4301016000089999,0.2375,5,3343.6650000000004
1567484140,0.275,0.029150390625,0.08864341666666667,213.575,842.975,0.43411865234375,3.9199999999968895,0.4432066666666667,0.225,4,3343.6650000000004
1567484157,0.2875,0.0296630859375,0.08724258333333333,218.825,860.6624999999997,0.43466796875,4.00999999999749,0.4362033333333334,0.2375,4,3343.6650000000004
1567484174,0.2625,0.0286376953125,0.10749999999999996,216.9,844.475,0.4341064453125,3.9599999999982174,0.43,0.2125,4,3343.6650000000004
1567484190,0.2875,0.0296630859375,0.10749999999999996,213.7375,841.4875,0.43477783203125,3.937500000003524,0.43,0.2375,4,3343.6650000000004
1567484208,0.275,0.029150390625,0.095,217.175,849.5500000000003,0.43446044921875,3.9750000000026375,0.38,0.225,4,3346.01275
1567484228,0.2625,0.0286376953125,0.052500125001250016,215.0125,845.2624999999997,0.4338623046875,3.9999999999980673,0.21000050000500006,0.2125,4,3352.19525
1567484245,0.2875,0.0296630859375,0.0525,220.0625,858.9,0.43502197265625,3.9874999999966576,0.21,0.2375,4,3352.19525
1567484262,0.275,0.029150390625,0.0525,215.75,850.1625,0.43468017578125,3.937500000001819,0.21,0.225,4,3352.19525
1567484279,0.2875,0.0296630859375,0.05,218.3875,847.7249999999997,0.4344970703125,3.9250000000032514,0.2,0.2375,4,3358.689000000001
1567484295,0.275,0.029150390625,0.05,222.6625,862.5,0.434326171875,4.4374999999962474,0.2,0.225,4,3358.689000000001
1567484316,0.2875,0.0296630859375,0.0525,208.475,830.425,0.43514404296875,3.874999999997044,0.21,0.2375,4,3320.9815
1567484332,0.2624962501874906,0.028637318134093294,0.2424933002679893,349.21581983400824,981.933879556022,0.4340033449987657,5.076148067603942,0.9699732010719572,0.2124968751562422,4,3330.8985
1567484351,0.2999962501874906,0.030175404071593293,3.152493300267989,3200.378319834009,3750.8838795560223,0.4353217043737657,28.56364806759651,12.609973201071956,0.2499968751562422,4,3330.8985
1567484368,0.2750031251562578,0.029150742205079006,8.315,5289.843729686485,5642.773260538027,0.4351616683617384,46.07433434171838,33.26,0.23750250012500626,4,3330.8985
1567484385,0.27499687515624216,0.02915003908007725,14.832907625,5997.750907454626,6127.297861356932,0.43611515957405256,52.02558997049509,59.33849250000001,0.2499968751562422,4,3337.1245
1567484402,0.2750037501875093,0.02915076784112643,19.810532791666667,6155.671705460273,6277.737257487875,0.43739562527442777,53.76190997050334,79.24863766666667,0.2625037501875094,4,3327.85425
1567484419,0.2625,0.0286376953125,25.342782,6385.8875,6452.0625,0.43515625,56.0375000000073,101.377134,0.225,4,3369.0265
1567484436,0.2875,0.0296630859375,31.95933852083333,7232.224999999998,7140.3875,0.438671875,64.88749999999641,127.84785791666668,0.2875,4,3397.53975
1567484452,0.275,0.029150390625,32.48387083333333,4542.3625,4757.85,0.43741455078125,41.13750000000323,129.9286833333333,0.2625,4,3491.1223333333332
1567484469,0.2999950002499875,0.030175278345457725,29.272654166666666,2511.7337733113345,3093.006418845724,0.4365813089553856,32.38842120393394,117.08409999999998,0.2666625002083229,3,3491.1223333333332
1567484486,0.26666166691665416,0.028808090845457726,27.00974,3765.0337733113342,4075.5897521790585,0.4361744079137189,40.775921203947625,108.03192,0.24999583354165625,3,4468.146
1567484504,0.3000050002500125,0.030176284204835237,28.09758500000001,8870.110782205778,6792.815096588163,0.4391511641011738,77.88719060952302,112.3833825,0.3000050002500125,3,4870.141
1567484521,0.25,0.028125,36.07631297727736,9562.716666666667,6537.216666666667,0.4381022135416667,82.85000000000764,108.22893893183205,0.25,3,5385.290333333333
1567484539,0.26666666666666666,0.02880859375,37.90964631061068,9849.833333333332,5458.333333333334,0.438916015625,97.10000000000946,113.72893893183205,0.26666666666666666,3,7573.373333333332
1567485481,0.3,0.03017578125,24.906585100815658,5006.466666666666,5157.216666666666,0.436328125,42.316666666658115,74.71975530244697,0.25,3,1705809.9436666663
1567485498,0.26666666666666666,0.02880859375,24.943251767482323,4997.4,5157.466666666667,0.43525390625,43.049999999987755,74.82975530244697,0.21666666666666667,3,1705809.9436666663
1567485516,0.25,0.027734375,24.800082700827005,4969.416666666666,5182.183333333333,0.4520182291666667,44.08333333333303,74.40024810248102,0.26666666666666666,3,1705809.9436666665
